/*--------------------------------*- C++ -*----------------------------------*\
| =========                 |                                                 |
| \\      /  F ield         | foam-extend: Open Source CFD                    |
|  \\    /   O peration     | Version:     5.0                                |
|   \\  /    A nd           | Web:         http://www.foam-extend.org         |
|    \\/     M anipulation  |                                                 |
\*---------------------------------------------------------------------------*/
FoamFile
{
    version     2.0;
    format      ascii;
    class       vectorField;
    location    "constant/polyMesh";
    object      points;
}
// * * * * * * * * * * * * * * * * * * * * * * * * * * * * * * * * * * * * * //


2562
(
(0 -0.1 0)
(0.003458502795 -0.1 0)
(0.006793108178 -0.1 0)
(0.01000825465 -0.1 0)
(0.01310822171 -0.1 0)
(0.01609713554 -0.1 0)
(0.01897897452 -0.1 0)
(0.02175757449 -0.1 0)
(0.02443663389 -0.1 0)
(0.02701971867 -0.1 0)
(0.029510267 -0.1 0)
(0.03191159393 -0.1 0)
(0.03422689572 -0.1 0)
(0.03645925413 -0.1 0)
(0.03861164053 -0.1 0)
(0.04068691984 -0.1 0)
(0.04268785433 -0.1 0)
(0.04461710734 -0.1 0)
(0.04647724679 -0.1 0)
(0.0482707486 -0.1 0)
(0.05 -0.1 0)
(0 -0.095 0)
(0.003458502795 -0.095 0)
(0.006793108178 -0.095 0)
(0.01000825465 -0.095 0)
(0.01310822171 -0.095 0)
(0.01609713554 -0.095 0)
(0.01897897452 -0.095 0)
(0.02175757449 -0.095 0)
(0.02443663389 -0.095 0)
(0.02701971867 -0.095 0)
(0.029510267 -0.095 0)
(0.03191159393 -0.095 0)
(0.03422689572 -0.095 0)
(0.03645925413 -0.095 0)
(0.03861164053 -0.095 0)
(0.04068691984 -0.095 0)
(0.04268785433 -0.095 0)
(0.04461710734 -0.095 0)
(0.04647724679 -0.095 0)
(0.0482707486 -0.095 0)
(0.05 -0.095 0)
(0 -0.09 0)
(0.003458502795 -0.09 0)
(0.006793108178 -0.09 0)
(0.01000825465 -0.09 0)
(0.01310822171 -0.09 0)
(0.01609713554 -0.09 0)
(0.01897897452 -0.09 0)
(0.02175757449 -0.09 0)
(0.02443663389 -0.09 0)
(0.02701971867 -0.09 0)
(0.029510267 -0.09 0)
(0.03191159393 -0.09 0)
(0.03422689572 -0.09 0)
(0.03645925413 -0.09 0)
(0.03861164053 -0.09 0)
(0.04068691984 -0.09 0)
(0.04268785433 -0.09 0)
(0.04461710734 -0.09 0)
(0.04647724679 -0.09 0)
(0.0482707486 -0.09 0)
(0.05 -0.09 0)
(0 -0.085 0)
(0.003458502795 -0.085 0)
(0.006793108178 -0.085 0)
(0.01000825465 -0.085 0)
(0.01310822171 -0.085 0)
(0.01609713554 -0.085 0)
(0.01897897452 -0.085 0)
(0.02175757449 -0.085 0)
(0.02443663389 -0.085 0)
(0.02701971867 -0.085 0)
(0.029510267 -0.085 0)
(0.03191159393 -0.085 0)
(0.03422689572 -0.085 0)
(0.03645925413 -0.085 0)
(0.03861164053 -0.085 0)
(0.04068691984 -0.085 0)
(0.04268785433 -0.085 0)
(0.04461710734 -0.085 0)
(0.04647724679 -0.085 0)
(0.0482707486 -0.085 0)
(0.05 -0.085 0)
(0 -0.08 0)
(0.003458502795 -0.08 0)
(0.006793108178 -0.08 0)
(0.01000825465 -0.08 0)
(0.01310822171 -0.08 0)
(0.01609713554 -0.08 0)
(0.01897897452 -0.08 0)
(0.02175757449 -0.08 0)
(0.02443663389 -0.08 0)
(0.02701971867 -0.08 0)
(0.029510267 -0.08 0)
(0.03191159393 -0.08 0)
(0.03422689572 -0.08 0)
(0.03645925413 -0.08 0)
(0.03861164053 -0.08 0)
(0.04068691984 -0.08 0)
(0.04268785433 -0.08 0)
(0.04461710734 -0.08 0)
(0.04647724679 -0.08 0)
(0.0482707486 -0.08 0)
(0.05 -0.08 0)
(0 -0.075 0)
(0.003458502795 -0.075 0)
(0.006793108178 -0.075 0)
(0.01000825465 -0.075 0)
(0.01310822171 -0.075 0)
(0.01609713554 -0.075 0)
(0.01897897452 -0.075 0)
(0.02175757449 -0.075 0)
(0.02443663389 -0.075 0)
(0.02701971867 -0.075 0)
(0.029510267 -0.075 0)
(0.03191159393 -0.075 0)
(0.03422689572 -0.075 0)
(0.03645925413 -0.075 0)
(0.03861164053 -0.075 0)
(0.04068691984 -0.075 0)
(0.04268785433 -0.075 0)
(0.04461710734 -0.075 0)
(0.04647724679 -0.075 0)
(0.0482707486 -0.075 0)
(0.05 -0.075 0)
(0 -0.07 0)
(0.003458502795 -0.07 0)
(0.006793108178 -0.07 0)
(0.01000825465 -0.07 0)
(0.01310822171 -0.07 0)
(0.01609713554 -0.07 0)
(0.01897897452 -0.07 0)
(0.02175757449 -0.07 0)
(0.02443663389 -0.07 0)
(0.02701971867 -0.07 0)
(0.029510267 -0.07 0)
(0.03191159393 -0.07 0)
(0.03422689572 -0.07 0)
(0.03645925413 -0.07 0)
(0.03861164053 -0.07 0)
(0.04068691984 -0.07 0)
(0.04268785433 -0.07 0)
(0.04461710734 -0.07 0)
(0.04647724679 -0.07 0)
(0.0482707486 -0.07 0)
(0.05 -0.07 0)
(0 -0.065 0)
(0.003458502795 -0.065 0)
(0.006793108178 -0.065 0)
(0.01000825465 -0.065 0)
(0.01310822171 -0.065 0)
(0.01609713554 -0.065 0)
(0.01897897452 -0.065 0)
(0.02175757449 -0.065 0)
(0.02443663389 -0.065 0)
(0.02701971867 -0.065 0)
(0.029510267 -0.065 0)
(0.03191159393 -0.065 0)
(0.03422689572 -0.065 0)
(0.03645925413 -0.065 0)
(0.03861164053 -0.065 0)
(0.04068691984 -0.065 0)
(0.04268785433 -0.065 0)
(0.04461710734 -0.065 0)
(0.04647724679 -0.065 0)
(0.0482707486 -0.065 0)
(0.05 -0.065 0)
(0 -0.06 0)
(0.003458502795 -0.06 0)
(0.006793108178 -0.06 0)
(0.01000825465 -0.06 0)
(0.01310822171 -0.06 0)
(0.01609713554 -0.06 0)
(0.01897897452 -0.06 0)
(0.02175757449 -0.06 0)
(0.02443663389 -0.06 0)
(0.02701971867 -0.06 0)
(0.029510267 -0.06 0)
(0.03191159393 -0.06 0)
(0.03422689572 -0.06 0)
(0.03645925413 -0.06 0)
(0.03861164053 -0.06 0)
(0.04068691984 -0.06 0)
(0.04268785433 -0.06 0)
(0.04461710734 -0.06 0)
(0.04647724679 -0.06 0)
(0.0482707486 -0.06 0)
(0.05 -0.06 0)
(0 -0.055 0)
(0.003458502795 -0.055 0)
(0.006793108178 -0.055 0)
(0.01000825465 -0.055 0)
(0.01310822171 -0.055 0)
(0.01609713554 -0.055 0)
(0.01897897452 -0.055 0)
(0.02175757449 -0.055 0)
(0.02443663389 -0.055 0)
(0.02701971867 -0.055 0)
(0.029510267 -0.055 0)
(0.03191159393 -0.055 0)
(0.03422689572 -0.055 0)
(0.03645925413 -0.055 0)
(0.03861164053 -0.055 0)
(0.04068691984 -0.055 0)
(0.04268785433 -0.055 0)
(0.04461710734 -0.055 0)
(0.04647724679 -0.055 0)
(0.0482707486 -0.055 0)
(0.05 -0.055 0)
(0 -0.05 0)
(0.003458502795 -0.05 0)
(0.006793108178 -0.05 0)
(0.01000825465 -0.05 0)
(0.01310822171 -0.05 0)
(0.01609713554 -0.05 0)
(0.01897897452 -0.05 0)
(0.02175757449 -0.05 0)
(0.02443663389 -0.05 0)
(0.02701971867 -0.05 0)
(0.029510267 -0.05 0)
(0.03191159393 -0.05 0)
(0.03422689572 -0.05 0)
(0.03645925413 -0.05 0)
(0.03861164053 -0.05 0)
(0.04068691984 -0.05 0)
(0.04268785433 -0.05 0)
(0.04461710734 -0.05 0)
(0.04647724679 -0.05 0)
(0.0482707486 -0.05 0)
(0.05 -0.05 0)
(0 -0.045 0)
(0.003458502795 -0.045 0)
(0.006793108178 -0.045 0)
(0.01000825465 -0.045 0)
(0.01310822171 -0.045 0)
(0.01609713554 -0.045 0)
(0.01897897452 -0.045 0)
(0.02175757449 -0.045 0)
(0.02443663389 -0.045 0)
(0.02701971867 -0.045 0)
(0.029510267 -0.045 0)
(0.03191159393 -0.045 0)
(0.03422689572 -0.045 0)
(0.03645925413 -0.045 0)
(0.03861164053 -0.045 0)
(0.04068691984 -0.045 0)
(0.04268785433 -0.045 0)
(0.04461710734 -0.045 0)
(0.04647724679 -0.045 0)
(0.0482707486 -0.045 0)
(0.05 -0.045 0)
(0 -0.04 0)
(0.003458502795 -0.04 0)
(0.006793108178 -0.04 0)
(0.01000825465 -0.04 0)
(0.01310822171 -0.04 0)
(0.01609713554 -0.04 0)
(0.01897897452 -0.04 0)
(0.02175757449 -0.04 0)
(0.02443663389 -0.04 0)
(0.02701971867 -0.04 0)
(0.029510267 -0.04 0)
(0.03191159393 -0.04 0)
(0.03422689572 -0.04 0)
(0.03645925413 -0.04 0)
(0.03861164053 -0.04 0)
(0.04068691984 -0.04 0)
(0.04268785433 -0.04 0)
(0.04461710734 -0.04 0)
(0.04647724679 -0.04 0)
(0.0482707486 -0.04 0)
(0.05 -0.04 0)
(0 -0.035 0)
(0.003458502795 -0.035 0)
(0.006793108178 -0.035 0)
(0.01000825465 -0.035 0)
(0.01310822171 -0.035 0)
(0.01609713554 -0.035 0)
(0.01897897452 -0.035 0)
(0.02175757449 -0.035 0)
(0.02443663389 -0.035 0)
(0.02701971867 -0.035 0)
(0.029510267 -0.035 0)
(0.03191159393 -0.035 0)
(0.03422689572 -0.035 0)
(0.03645925413 -0.035 0)
(0.03861164053 -0.035 0)
(0.04068691984 -0.035 0)
(0.04268785433 -0.035 0)
(0.04461710734 -0.035 0)
(0.04647724679 -0.035 0)
(0.0482707486 -0.035 0)
(0.05 -0.035 0)
(0 -0.03 0)
(0.003458502795 -0.03 0)
(0.006793108178 -0.03 0)
(0.01000825465 -0.03 0)
(0.01310822171 -0.03 0)
(0.01609713554 -0.03 0)
(0.01897897452 -0.03 0)
(0.02175757449 -0.03 0)
(0.02443663389 -0.03 0)
(0.02701971867 -0.03 0)
(0.029510267 -0.03 0)
(0.03191159393 -0.03 0)
(0.03422689572 -0.03 0)
(0.03645925413 -0.03 0)
(0.03861164053 -0.03 0)
(0.04068691984 -0.03 0)
(0.04268785433 -0.03 0)
(0.04461710734 -0.03 0)
(0.04647724679 -0.03 0)
(0.0482707486 -0.03 0)
(0.05 -0.03 0)
(0 -0.025 0)
(0.003458502795 -0.025 0)
(0.006793108178 -0.025 0)
(0.01000825465 -0.025 0)
(0.01310822171 -0.025 0)
(0.01609713554 -0.025 0)
(0.01897897452 -0.025 0)
(0.02175757449 -0.025 0)
(0.02443663389 -0.025 0)
(0.02701971867 -0.025 0)
(0.029510267 -0.025 0)
(0.03191159393 -0.025 0)
(0.03422689572 -0.025 0)
(0.03645925413 -0.025 0)
(0.03861164053 -0.025 0)
(0.04068691984 -0.025 0)
(0.04268785433 -0.025 0)
(0.04461710734 -0.025 0)
(0.04647724679 -0.025 0)
(0.0482707486 -0.025 0)
(0.05 -0.025 0)
(0 -0.02 0)
(0.003458502795 -0.02 0)
(0.006793108178 -0.02 0)
(0.01000825465 -0.02 0)
(0.01310822171 -0.02 0)
(0.01609713554 -0.02 0)
(0.01897897452 -0.02 0)
(0.02175757449 -0.02 0)
(0.02443663389 -0.02 0)
(0.02701971867 -0.02 0)
(0.029510267 -0.02 0)
(0.03191159393 -0.02 0)
(0.03422689572 -0.02 0)
(0.03645925413 -0.02 0)
(0.03861164053 -0.02 0)
(0.04068691984 -0.02 0)
(0.04268785433 -0.02 0)
(0.04461710734 -0.02 0)
(0.04647724679 -0.02 0)
(0.0482707486 -0.02 0)
(0.05 -0.02 0)
(0 -0.015 0)
(0.003458502795 -0.015 0)
(0.006793108178 -0.015 0)
(0.01000825465 -0.015 0)
(0.01310822171 -0.015 0)
(0.01609713554 -0.015 0)
(0.01897897452 -0.015 0)
(0.02175757449 -0.015 0)
(0.02443663389 -0.015 0)
(0.02701971867 -0.015 0)
(0.029510267 -0.015 0)
(0.03191159393 -0.015 0)
(0.03422689572 -0.015 0)
(0.03645925413 -0.015 0)
(0.03861164053 -0.015 0)
(0.04068691984 -0.015 0)
(0.04268785433 -0.015 0)
(0.04461710734 -0.015 0)
(0.04647724679 -0.015 0)
(0.0482707486 -0.015 0)
(0.05 -0.015 0)
(0 -0.01 0)
(0.003458502795 -0.01 0)
(0.006793108178 -0.01 0)
(0.01000825465 -0.01 0)
(0.01310822171 -0.01 0)
(0.01609713554 -0.01 0)
(0.01897897452 -0.01 0)
(0.02175757449 -0.01 0)
(0.02443663389 -0.01 0)
(0.02701971867 -0.01 0)
(0.029510267 -0.01 0)
(0.03191159393 -0.01 0)
(0.03422689572 -0.01 0)
(0.03645925413 -0.01 0)
(0.03861164053 -0.01 0)
(0.04068691984 -0.01 0)
(0.04268785433 -0.01 0)
(0.04461710734 -0.01 0)
(0.04647724679 -0.01 0)
(0.0482707486 -0.01 0)
(0.05 -0.01 0)
(0 -0.005 0)
(0.003458502795 -0.005 0)
(0.006793108178 -0.005 0)
(0.01000825465 -0.005 0)
(0.01310822171 -0.005 0)
(0.01609713554 -0.005 0)
(0.01897897452 -0.005 0)
(0.02175757449 -0.005 0)
(0.02443663389 -0.005 0)
(0.02701971867 -0.005 0)
(0.029510267 -0.005 0)
(0.03191159393 -0.005 0)
(0.03422689572 -0.005 0)
(0.03645925413 -0.005 0)
(0.03861164053 -0.005 0)
(0.04068691984 -0.005 0)
(0.04268785433 -0.005 0)
(0.04461710734 -0.005 0)
(0.04647724679 -0.005 0)
(0.0482707486 -0.005 0)
(0.05 -0.005 0)
(0 0 0)
(0.003458502795 0 0)
(0.006793108178 0 0)
(0.01000825465 0 0)
(0.01310822171 0 0)
(0.01609713554 0 0)
(0.01897897452 0 0)
(0.02175757449 0 0)
(0.02443663389 0 0)
(0.02701971867 0 0)
(0.029510267 0 0)
(0.03191159393 0 0)
(0.03422689572 0 0)
(0.03645925413 0 0)
(0.03861164053 0 0)
(0.04068691984 0 0)
(0.04268785433 0 0)
(0.04461710734 0 0)
(0.04647724679 0 0)
(0.0482707486 0 0)
(0.05 0 0)
(0 -0.1 0.00025)
(0.003458502795 -0.1 0.00025)
(0.006793108178 -0.1 0.00025)
(0.01000825465 -0.1 0.00025)
(0.01310822171 -0.1 0.00025)
(0.01609713554 -0.1 0.00025)
(0.01897897452 -0.1 0.00025)
(0.02175757449 -0.1 0.00025)
(0.02443663389 -0.1 0.00025)
(0.02701971867 -0.1 0.00025)
(0.029510267 -0.1 0.00025)
(0.03191159393 -0.1 0.00025)
(0.03422689572 -0.1 0.00025)
(0.03645925413 -0.1 0.00025)
(0.03861164053 -0.1 0.00025)
(0.04068691984 -0.1 0.00025)
(0.04268785433 -0.1 0.00025)
(0.04461710734 -0.1 0.00025)
(0.04647724679 -0.1 0.00025)
(0.0482707486 -0.1 0.00025)
(0.05 -0.1 0.00025)
(0 -0.095 0.00025)
(0.003458502795 -0.095 0.00025)
(0.006793108178 -0.095 0.00025)
(0.01000825465 -0.095 0.00025)
(0.01310822171 -0.095 0.00025)
(0.01609713554 -0.095 0.00025)
(0.01897897452 -0.095 0.00025)
(0.02175757449 -0.095 0.00025)
(0.02443663389 -0.095 0.00025)
(0.02701971867 -0.095 0.00025)
(0.029510267 -0.095 0.00025)
(0.03191159393 -0.095 0.00025)
(0.03422689572 -0.095 0.00025)
(0.03645925413 -0.095 0.00025)
(0.03861164053 -0.095 0.00025)
(0.04068691984 -0.095 0.00025)
(0.04268785433 -0.095 0.00025)
(0.04461710734 -0.095 0.00025)
(0.04647724679 -0.095 0.00025)
(0.0482707486 -0.095 0.00025)
(0.05 -0.095 0.00025)
(0 -0.09 0.00025)
(0.003458502795 -0.09 0.00025)
(0.006793108178 -0.09 0.00025)
(0.01000825465 -0.09 0.00025)
(0.01310822171 -0.09 0.00025)
(0.01609713554 -0.09 0.00025)
(0.01897897452 -0.09 0.00025)
(0.02175757449 -0.09 0.00025)
(0.02443663389 -0.09 0.00025)
(0.02701971867 -0.09 0.00025)
(0.029510267 -0.09 0.00025)
(0.03191159393 -0.09 0.00025)
(0.03422689572 -0.09 0.00025)
(0.03645925413 -0.09 0.00025)
(0.03861164053 -0.09 0.00025)
(0.04068691984 -0.09 0.00025)
(0.04268785433 -0.09 0.00025)
(0.04461710734 -0.09 0.00025)
(0.04647724679 -0.09 0.00025)
(0.0482707486 -0.09 0.00025)
(0.05 -0.09 0.00025)
(0 -0.085 0.00025)
(0.003458502795 -0.085 0.00025)
(0.006793108178 -0.085 0.00025)
(0.01000825465 -0.085 0.00025)
(0.01310822171 -0.085 0.00025)
(0.01609713554 -0.085 0.00025)
(0.01897897452 -0.085 0.00025)
(0.02175757449 -0.085 0.00025)
(0.02443663389 -0.085 0.00025)
(0.02701971867 -0.085 0.00025)
(0.029510267 -0.085 0.00025)
(0.03191159393 -0.085 0.00025)
(0.03422689572 -0.085 0.00025)
(0.03645925413 -0.085 0.00025)
(0.03861164053 -0.085 0.00025)
(0.04068691984 -0.085 0.00025)
(0.04268785433 -0.085 0.00025)
(0.04461710734 -0.085 0.00025)
(0.04647724679 -0.085 0.00025)
(0.0482707486 -0.085 0.00025)
(0.05 -0.085 0.00025)
(0 -0.08 0.00025)
(0.003458502795 -0.08 0.00025)
(0.006793108178 -0.08 0.00025)
(0.01000825465 -0.08 0.00025)
(0.01310822171 -0.08 0.00025)
(0.01609713554 -0.08 0.00025)
(0.01897897452 -0.08 0.00025)
(0.02175757449 -0.08 0.00025)
(0.02443663389 -0.08 0.00025)
(0.02701971867 -0.08 0.00025)
(0.029510267 -0.08 0.00025)
(0.03191159393 -0.08 0.00025)
(0.03422689572 -0.08 0.00025)
(0.03645925413 -0.08 0.00025)
(0.03861164053 -0.08 0.00025)
(0.04068691984 -0.08 0.00025)
(0.04268785433 -0.08 0.00025)
(0.04461710734 -0.08 0.00025)
(0.04647724679 -0.08 0.00025)
(0.0482707486 -0.08 0.00025)
(0.05 -0.08 0.00025)
(0 -0.075 0.00025)
(0.003458502795 -0.075 0.00025)
(0.006793108178 -0.075 0.00025)
(0.01000825465 -0.075 0.00025)
(0.01310822171 -0.075 0.00025)
(0.01609713554 -0.075 0.00025)
(0.01897897452 -0.075 0.00025)
(0.02175757449 -0.075 0.00025)
(0.02443663389 -0.075 0.00025)
(0.02701971867 -0.075 0.00025)
(0.029510267 -0.075 0.00025)
(0.03191159393 -0.075 0.00025)
(0.03422689572 -0.075 0.00025)
(0.03645925413 -0.075 0.00025)
(0.03861164053 -0.075 0.00025)
(0.04068691984 -0.075 0.00025)
(0.04268785433 -0.075 0.00025)
(0.04461710734 -0.075 0.00025)
(0.04647724679 -0.075 0.00025)
(0.0482707486 -0.075 0.00025)
(0.05 -0.075 0.00025)
(0 -0.07 0.00025)
(0.003458502795 -0.07 0.00025)
(0.006793108178 -0.07 0.00025)
(0.01000825465 -0.07 0.00025)
(0.01310822171 -0.07 0.00025)
(0.01609713554 -0.07 0.00025)
(0.01897897452 -0.07 0.00025)
(0.02175757449 -0.07 0.00025)
(0.02443663389 -0.07 0.00025)
(0.02701971867 -0.07 0.00025)
(0.029510267 -0.07 0.00025)
(0.03191159393 -0.07 0.00025)
(0.03422689572 -0.07 0.00025)
(0.03645925413 -0.07 0.00025)
(0.03861164053 -0.07 0.00025)
(0.04068691984 -0.07 0.00025)
(0.04268785433 -0.07 0.00025)
(0.04461710734 -0.07 0.00025)
(0.04647724679 -0.07 0.00025)
(0.0482707486 -0.07 0.00025)
(0.05 -0.07 0.00025)
(0 -0.065 0.00025)
(0.003458502795 -0.065 0.00025)
(0.006793108178 -0.065 0.00025)
(0.01000825465 -0.065 0.00025)
(0.01310822171 -0.065 0.00025)
(0.01609713554 -0.065 0.00025)
(0.01897897452 -0.065 0.00025)
(0.02175757449 -0.065 0.00025)
(0.02443663389 -0.065 0.00025)
(0.02701971867 -0.065 0.00025)
(0.029510267 -0.065 0.00025)
(0.03191159393 -0.065 0.00025)
(0.03422689572 -0.065 0.00025)
(0.03645925413 -0.065 0.00025)
(0.03861164053 -0.065 0.00025)
(0.04068691984 -0.065 0.00025)
(0.04268785433 -0.065 0.00025)
(0.04461710734 -0.065 0.00025)
(0.04647724679 -0.065 0.00025)
(0.0482707486 -0.065 0.00025)
(0.05 -0.065 0.00025)
(0 -0.06 0.00025)
(0.003458502795 -0.06 0.00025)
(0.006793108178 -0.06 0.00025)
(0.01000825465 -0.06 0.00025)
(0.01310822171 -0.06 0.00025)
(0.01609713554 -0.06 0.00025)
(0.01897897452 -0.06 0.00025)
(0.02175757449 -0.06 0.00025)
(0.02443663389 -0.06 0.00025)
(0.02701971867 -0.06 0.00025)
(0.029510267 -0.06 0.00025)
(0.03191159393 -0.06 0.00025)
(0.03422689572 -0.06 0.00025)
(0.03645925413 -0.06 0.00025)
(0.03861164053 -0.06 0.00025)
(0.04068691984 -0.06 0.00025)
(0.04268785433 -0.06 0.00025)
(0.04461710734 -0.06 0.00025)
(0.04647724679 -0.06 0.00025)
(0.0482707486 -0.06 0.00025)
(0.05 -0.06 0.00025)
(0 -0.055 0.00025)
(0.003458502795 -0.055 0.00025)
(0.006793108178 -0.055 0.00025)
(0.01000825465 -0.055 0.00025)
(0.01310822171 -0.055 0.00025)
(0.01609713554 -0.055 0.00025)
(0.01897897452 -0.055 0.00025)
(0.02175757449 -0.055 0.00025)
(0.02443663389 -0.055 0.00025)
(0.02701971867 -0.055 0.00025)
(0.029510267 -0.055 0.00025)
(0.03191159393 -0.055 0.00025)
(0.03422689572 -0.055 0.00025)
(0.03645925413 -0.055 0.00025)
(0.03861164053 -0.055 0.00025)
(0.04068691984 -0.055 0.00025)
(0.04268785433 -0.055 0.00025)
(0.04461710734 -0.055 0.00025)
(0.04647724679 -0.055 0.00025)
(0.0482707486 -0.055 0.00025)
(0.05 -0.055 0.00025)
(0 -0.05 0.00025)
(0.003458502795 -0.05 0.00025)
(0.006793108178 -0.05 0.00025)
(0.01000825465 -0.05 0.00025)
(0.01310822171 -0.05 0.00025)
(0.01609713554 -0.05 0.00025)
(0.01897897452 -0.05 0.00025)
(0.02175757449 -0.05 0.00025)
(0.02443663389 -0.05 0.00025)
(0.02701971867 -0.05 0.00025)
(0.029510267 -0.05 0.00025)
(0.03191159393 -0.05 0.00025)
(0.03422689572 -0.05 0.00025)
(0.03645925413 -0.05 0.00025)
(0.03861164053 -0.05 0.00025)
(0.04068691984 -0.05 0.00025)
(0.04268785433 -0.05 0.00025)
(0.04461710734 -0.05 0.00025)
(0.04647724679 -0.05 0.00025)
(0.0482707486 -0.05 0.00025)
(0.05 -0.05 0.00025)
(0 -0.045 0.00025)
(0.003458502795 -0.045 0.00025)
(0.006793108178 -0.045 0.00025)
(0.01000825465 -0.045 0.00025)
(0.01310822171 -0.045 0.00025)
(0.01609713554 -0.045 0.00025)
(0.01897897452 -0.045 0.00025)
(0.02175757449 -0.045 0.00025)
(0.02443663389 -0.045 0.00025)
(0.02701971867 -0.045 0.00025)
(0.029510267 -0.045 0.00025)
(0.03191159393 -0.045 0.00025)
(0.03422689572 -0.045 0.00025)
(0.03645925413 -0.045 0.00025)
(0.03861164053 -0.045 0.00025)
(0.04068691984 -0.045 0.00025)
(0.04268785433 -0.045 0.00025)
(0.04461710734 -0.045 0.00025)
(0.04647724679 -0.045 0.00025)
(0.0482707486 -0.045 0.00025)
(0.05 -0.045 0.00025)
(0 -0.04 0.00025)
(0.003458502795 -0.04 0.00025)
(0.006793108178 -0.04 0.00025)
(0.01000825465 -0.04 0.00025)
(0.01310822171 -0.04 0.00025)
(0.01609713554 -0.04 0.00025)
(0.01897897452 -0.04 0.00025)
(0.02175757449 -0.04 0.00025)
(0.02443663389 -0.04 0.00025)
(0.02701971867 -0.04 0.00025)
(0.029510267 -0.04 0.00025)
(0.03191159393 -0.04 0.00025)
(0.03422689572 -0.04 0.00025)
(0.03645925413 -0.04 0.00025)
(0.03861164053 -0.04 0.00025)
(0.04068691984 -0.04 0.00025)
(0.04268785433 -0.04 0.00025)
(0.04461710734 -0.04 0.00025)
(0.04647724679 -0.04 0.00025)
(0.0482707486 -0.04 0.00025)
(0.05 -0.04 0.00025)
(0 -0.035 0.00025)
(0.003458502795 -0.035 0.00025)
(0.006793108178 -0.035 0.00025)
(0.01000825465 -0.035 0.00025)
(0.01310822171 -0.035 0.00025)
(0.01609713554 -0.035 0.00025)
(0.01897897452 -0.035 0.00025)
(0.02175757449 -0.035 0.00025)
(0.02443663389 -0.035 0.00025)
(0.02701971867 -0.035 0.00025)
(0.029510267 -0.035 0.00025)
(0.03191159393 -0.035 0.00025)
(0.03422689572 -0.035 0.00025)
(0.03645925413 -0.035 0.00025)
(0.03861164053 -0.035 0.00025)
(0.04068691984 -0.035 0.00025)
(0.04268785433 -0.035 0.00025)
(0.04461710734 -0.035 0.00025)
(0.04647724679 -0.035 0.00025)
(0.0482707486 -0.035 0.00025)
(0.05 -0.035 0.00025)
(0 -0.03 0.00025)
(0.003458502795 -0.03 0.00025)
(0.006793108178 -0.03 0.00025)
(0.01000825465 -0.03 0.00025)
(0.01310822171 -0.03 0.00025)
(0.01609713554 -0.03 0.00025)
(0.01897897452 -0.03 0.00025)
(0.02175757449 -0.03 0.00025)
(0.02443663389 -0.03 0.00025)
(0.02701971867 -0.03 0.00025)
(0.029510267 -0.03 0.00025)
(0.03191159393 -0.03 0.00025)
(0.03422689572 -0.03 0.00025)
(0.03645925413 -0.03 0.00025)
(0.03861164053 -0.03 0.00025)
(0.04068691984 -0.03 0.00025)
(0.04268785433 -0.03 0.00025)
(0.04461710734 -0.03 0.00025)
(0.04647724679 -0.03 0.00025)
(0.0482707486 -0.03 0.00025)
(0.05 -0.03 0.00025)
(0 -0.025 0.00025)
(0.003458502795 -0.025 0.00025)
(0.006793108178 -0.025 0.00025)
(0.01000825465 -0.025 0.00025)
(0.01310822171 -0.025 0.00025)
(0.01609713554 -0.025 0.00025)
(0.01897897452 -0.025 0.00025)
(0.02175757449 -0.025 0.00025)
(0.02443663389 -0.025 0.00025)
(0.02701971867 -0.025 0.00025)
(0.029510267 -0.025 0.00025)
(0.03191159393 -0.025 0.00025)
(0.03422689572 -0.025 0.00025)
(0.03645925413 -0.025 0.00025)
(0.03861164053 -0.025 0.00025)
(0.04068691984 -0.025 0.00025)
(0.04268785433 -0.025 0.00025)
(0.04461710734 -0.025 0.00025)
(0.04647724679 -0.025 0.00025)
(0.0482707486 -0.025 0.00025)
(0.05 -0.025 0.00025)
(0 -0.02 0.00025)
(0.003458502795 -0.02 0.00025)
(0.006793108178 -0.02 0.00025)
(0.01000825465 -0.02 0.00025)
(0.01310822171 -0.02 0.00025)
(0.01609713554 -0.02 0.00025)
(0.01897897452 -0.02 0.00025)
(0.02175757449 -0.02 0.00025)
(0.02443663389 -0.02 0.00025)
(0.02701971867 -0.02 0.00025)
(0.029510267 -0.02 0.00025)
(0.03191159393 -0.02 0.00025)
(0.03422689572 -0.02 0.00025)
(0.03645925413 -0.02 0.00025)
(0.03861164053 -0.02 0.00025)
(0.04068691984 -0.02 0.00025)
(0.04268785433 -0.02 0.00025)
(0.04461710734 -0.02 0.00025)
(0.04647724679 -0.02 0.00025)
(0.0482707486 -0.02 0.00025)
(0.05 -0.02 0.00025)
(0 -0.015 0.00025)
(0.003458502795 -0.015 0.00025)
(0.006793108178 -0.015 0.00025)
(0.01000825465 -0.015 0.00025)
(0.01310822171 -0.015 0.00025)
(0.01609713554 -0.015 0.00025)
(0.01897897452 -0.015 0.00025)
(0.02175757449 -0.015 0.00025)
(0.02443663389 -0.015 0.00025)
(0.02701971867 -0.015 0.00025)
(0.029510267 -0.015 0.00025)
(0.03191159393 -0.015 0.00025)
(0.03422689572 -0.015 0.00025)
(0.03645925413 -0.015 0.00025)
(0.03861164053 -0.015 0.00025)
(0.04068691984 -0.015 0.00025)
(0.04268785433 -0.015 0.00025)
(0.04461710734 -0.015 0.00025)
(0.04647724679 -0.015 0.00025)
(0.0482707486 -0.015 0.00025)
(0.05 -0.015 0.00025)
(0 -0.01 0.00025)
(0.003458502795 -0.01 0.00025)
(0.006793108178 -0.01 0.00025)
(0.01000825465 -0.01 0.00025)
(0.01310822171 -0.01 0.00025)
(0.01609713554 -0.01 0.00025)
(0.01897897452 -0.01 0.00025)
(0.02175757449 -0.01 0.00025)
(0.02443663389 -0.01 0.00025)
(0.02701971867 -0.01 0.00025)
(0.029510267 -0.01 0.00025)
(0.03191159393 -0.01 0.00025)
(0.03422689572 -0.01 0.00025)
(0.03645925413 -0.01 0.00025)
(0.03861164053 -0.01 0.00025)
(0.04068691984 -0.01 0.00025)
(0.04268785433 -0.01 0.00025)
(0.04461710734 -0.01 0.00025)
(0.04647724679 -0.01 0.00025)
(0.0482707486 -0.01 0.00025)
(0.05 -0.01 0.00025)
(0 -0.005 0.00025)
(0.003458502795 -0.005 0.00025)
(0.006793108178 -0.005 0.00025)
(0.01000825465 -0.005 0.00025)
(0.01310822171 -0.005 0.00025)
(0.01609713554 -0.005 0.00025)
(0.01897897452 -0.005 0.00025)
(0.02175757449 -0.005 0.00025)
(0.02443663389 -0.005 0.00025)
(0.02701971867 -0.005 0.00025)
(0.029510267 -0.005 0.00025)
(0.03191159393 -0.005 0.00025)
(0.03422689572 -0.005 0.00025)
(0.03645925413 -0.005 0.00025)
(0.03861164053 -0.005 0.00025)
(0.04068691984 -0.005 0.00025)
(0.04268785433 -0.005 0.00025)
(0.04461710734 -0.005 0.00025)
(0.04647724679 -0.005 0.00025)
(0.0482707486 -0.005 0.00025)
(0.05 -0.005 0.00025)
(0 0 0.00025)
(0.003458502795 0 0.00025)
(0.006793108178 0 0.00025)
(0.01000825465 0 0.00025)
(0.01310822171 0 0.00025)
(0.01609713554 0 0.00025)
(0.01897897452 0 0.00025)
(0.02175757449 0 0.00025)
(0.02443663389 0 0.00025)
(0.02701971867 0 0.00025)
(0.029510267 0 0.00025)
(0.03191159393 0 0.00025)
(0.03422689572 0 0.00025)
(0.03645925413 0 0.00025)
(0.03861164053 0 0.00025)
(0.04068691984 0 0.00025)
(0.04268785433 0 0.00025)
(0.04461710734 0 0.00025)
(0.04647724679 0 0.00025)
(0.0482707486 0 0.00025)
(0.05 0 0.00025)
(0.0525045324 -0.1 0)
(0.05533174347 -0.1 0)
(0.05852320646 -0.1 0)
(0.06212585081 -0.1 0)
(0.06619265226 -0.1 0)
(0.07078341184 -0.1 0)
(0.07596563521 -0.1 0)
(0.0818155253 -0.1 0)
(0.0884191029 -0.1 0)
(0.09587347152 -0.1 0)
(0.1042882453 -0.1 0)
(0.1137871607 -0.1 0)
(0.1245098964 -0.1 0)
(0.1366141268 -0.1 0)
(0.1502778407 -0.1 0)
(0.1657019587 -0.1 0)
(0.1831132875 -0.1 0)
(0.2027678552 -0.1 0)
(0.224954676 -0.1 0)
(0.25 -0.1 0)
(0.0525045324 -0.095 0)
(0.05533174347 -0.095 0)
(0.05852320646 -0.095 0)
(0.06212585081 -0.095 0)
(0.06619265226 -0.095 0)
(0.07078341184 -0.095 0)
(0.07596563521 -0.095 0)
(0.0818155253 -0.095 0)
(0.0884191029 -0.095 0)
(0.09587347152 -0.095 0)
(0.1042882453 -0.095 0)
(0.1137871607 -0.095 0)
(0.1245098964 -0.095 0)
(0.1366141268 -0.095 0)
(0.1502778407 -0.095 0)
(0.1657019587 -0.095 0)
(0.1831132875 -0.095 0)
(0.2027678552 -0.095 0)
(0.224954676 -0.095 0)
(0.25 -0.095 0)
(0.0525045324 -0.09 0)
(0.05533174347 -0.09 0)
(0.05852320646 -0.09 0)
(0.06212585081 -0.09 0)
(0.06619265226 -0.09 0)
(0.07078341184 -0.09 0)
(0.07596563521 -0.09 0)
(0.0818155253 -0.09 0)
(0.0884191029 -0.09 0)
(0.09587347152 -0.09 0)
(0.1042882453 -0.09 0)
(0.1137871607 -0.09 0)
(0.1245098964 -0.09 0)
(0.1366141268 -0.09 0)
(0.1502778407 -0.09 0)
(0.1657019587 -0.09 0)
(0.1831132875 -0.09 0)
(0.2027678552 -0.09 0)
(0.224954676 -0.09 0)
(0.25 -0.09 0)
(0.0525045324 -0.085 0)
(0.05533174347 -0.085 0)
(0.05852320646 -0.085 0)
(0.06212585081 -0.085 0)
(0.06619265226 -0.085 0)
(0.07078341184 -0.085 0)
(0.07596563521 -0.085 0)
(0.0818155253 -0.085 0)
(0.0884191029 -0.085 0)
(0.09587347152 -0.085 0)
(0.1042882453 -0.085 0)
(0.1137871607 -0.085 0)
(0.1245098964 -0.085 0)
(0.1366141268 -0.085 0)
(0.1502778407 -0.085 0)
(0.1657019587 -0.085 0)
(0.1831132875 -0.085 0)
(0.2027678552 -0.085 0)
(0.224954676 -0.085 0)
(0.25 -0.085 0)
(0.0525045324 -0.08 0)
(0.05533174347 -0.08 0)
(0.05852320646 -0.08 0)
(0.06212585081 -0.08 0)
(0.06619265226 -0.08 0)
(0.07078341184 -0.08 0)
(0.07596563521 -0.08 0)
(0.0818155253 -0.08 0)
(0.0884191029 -0.08 0)
(0.09587347152 -0.08 0)
(0.1042882453 -0.08 0)
(0.1137871607 -0.08 0)
(0.1245098964 -0.08 0)
(0.1366141268 -0.08 0)
(0.1502778407 -0.08 0)
(0.1657019587 -0.08 0)
(0.1831132875 -0.08 0)
(0.2027678552 -0.08 0)
(0.224954676 -0.08 0)
(0.25 -0.08 0)
(0.0525045324 -0.075 0)
(0.05533174347 -0.075 0)
(0.05852320646 -0.075 0)
(0.06212585081 -0.075 0)
(0.06619265226 -0.075 0)
(0.07078341184 -0.075 0)
(0.07596563521 -0.075 0)
(0.0818155253 -0.075 0)
(0.0884191029 -0.075 0)
(0.09587347152 -0.075 0)
(0.1042882453 -0.075 0)
(0.1137871607 -0.075 0)
(0.1245098964 -0.075 0)
(0.1366141268 -0.075 0)
(0.1502778407 -0.075 0)
(0.1657019587 -0.075 0)
(0.1831132875 -0.075 0)
(0.2027678552 -0.075 0)
(0.224954676 -0.075 0)
(0.25 -0.075 0)
(0.0525045324 -0.07 0)
(0.05533174347 -0.07 0)
(0.05852320646 -0.07 0)
(0.06212585081 -0.07 0)
(0.06619265226 -0.07 0)
(0.07078341184 -0.07 0)
(0.07596563521 -0.07 0)
(0.0818155253 -0.07 0)
(0.0884191029 -0.07 0)
(0.09587347152 -0.07 0)
(0.1042882453 -0.07 0)
(0.1137871607 -0.07 0)
(0.1245098964 -0.07 0)
(0.1366141268 -0.07 0)
(0.1502778407 -0.07 0)
(0.1657019587 -0.07 0)
(0.1831132875 -0.07 0)
(0.2027678552 -0.07 0)
(0.224954676 -0.07 0)
(0.25 -0.07 0)
(0.0525045324 -0.065 0)
(0.05533174347 -0.065 0)
(0.05852320646 -0.065 0)
(0.06212585081 -0.065 0)
(0.06619265226 -0.065 0)
(0.07078341184 -0.065 0)
(0.07596563521 -0.065 0)
(0.0818155253 -0.065 0)
(0.0884191029 -0.065 0)
(0.09587347152 -0.065 0)
(0.1042882453 -0.065 0)
(0.1137871607 -0.065 0)
(0.1245098964 -0.065 0)
(0.1366141268 -0.065 0)
(0.1502778407 -0.065 0)
(0.1657019587 -0.065 0)
(0.1831132875 -0.065 0)
(0.2027678552 -0.065 0)
(0.224954676 -0.065 0)
(0.25 -0.065 0)
(0.0525045324 -0.06 0)
(0.05533174347 -0.06 0)
(0.05852320646 -0.06 0)
(0.06212585081 -0.06 0)
(0.06619265226 -0.06 0)
(0.07078341184 -0.06 0)
(0.07596563521 -0.06 0)
(0.0818155253 -0.06 0)
(0.0884191029 -0.06 0)
(0.09587347152 -0.06 0)
(0.1042882453 -0.06 0)
(0.1137871607 -0.06 0)
(0.1245098964 -0.06 0)
(0.1366141268 -0.06 0)
(0.1502778407 -0.06 0)
(0.1657019587 -0.06 0)
(0.1831132875 -0.06 0)
(0.2027678552 -0.06 0)
(0.224954676 -0.06 0)
(0.25 -0.06 0)
(0.0525045324 -0.055 0)
(0.05533174347 -0.055 0)
(0.05852320646 -0.055 0)
(0.06212585081 -0.055 0)
(0.06619265226 -0.055 0)
(0.07078341184 -0.055 0)
(0.07596563521 -0.055 0)
(0.0818155253 -0.055 0)
(0.0884191029 -0.055 0)
(0.09587347152 -0.055 0)
(0.1042882453 -0.055 0)
(0.1137871607 -0.055 0)
(0.1245098964 -0.055 0)
(0.1366141268 -0.055 0)
(0.1502778407 -0.055 0)
(0.1657019587 -0.055 0)
(0.1831132875 -0.055 0)
(0.2027678552 -0.055 0)
(0.224954676 -0.055 0)
(0.25 -0.055 0)
(0.0525045324 -0.05 0)
(0.05533174347 -0.05 0)
(0.05852320646 -0.05 0)
(0.06212585081 -0.05 0)
(0.06619265226 -0.05 0)
(0.07078341184 -0.05 0)
(0.07596563521 -0.05 0)
(0.0818155253 -0.05 0)
(0.0884191029 -0.05 0)
(0.09587347152 -0.05 0)
(0.1042882453 -0.05 0)
(0.1137871607 -0.05 0)
(0.1245098964 -0.05 0)
(0.1366141268 -0.05 0)
(0.1502778407 -0.05 0)
(0.1657019587 -0.05 0)
(0.1831132875 -0.05 0)
(0.2027678552 -0.05 0)
(0.224954676 -0.05 0)
(0.25 -0.05 0)
(0.0525045324 -0.045 0)
(0.05533174347 -0.045 0)
(0.05852320646 -0.045 0)
(0.06212585081 -0.045 0)
(0.06619265226 -0.045 0)
(0.07078341184 -0.045 0)
(0.07596563521 -0.045 0)
(0.0818155253 -0.045 0)
(0.0884191029 -0.045 0)
(0.09587347152 -0.045 0)
(0.1042882453 -0.045 0)
(0.1137871607 -0.045 0)
(0.1245098964 -0.045 0)
(0.1366141268 -0.045 0)
(0.1502778407 -0.045 0)
(0.1657019587 -0.045 0)
(0.1831132875 -0.045 0)
(0.2027678552 -0.045 0)
(0.224954676 -0.045 0)
(0.25 -0.045 0)
(0.0525045324 -0.04 0)
(0.05533174347 -0.04 0)
(0.05852320646 -0.04 0)
(0.06212585081 -0.04 0)
(0.06619265226 -0.04 0)
(0.07078341184 -0.04 0)
(0.07596563521 -0.04 0)
(0.0818155253 -0.04 0)
(0.0884191029 -0.04 0)
(0.09587347152 -0.04 0)
(0.1042882453 -0.04 0)
(0.1137871607 -0.04 0)
(0.1245098964 -0.04 0)
(0.1366141268 -0.04 0)
(0.1502778407 -0.04 0)
(0.1657019587 -0.04 0)
(0.1831132875 -0.04 0)
(0.2027678552 -0.04 0)
(0.224954676 -0.04 0)
(0.25 -0.04 0)
(0.0525045324 -0.035 0)
(0.05533174347 -0.035 0)
(0.05852320646 -0.035 0)
(0.06212585081 -0.035 0)
(0.06619265226 -0.035 0)
(0.07078341184 -0.035 0)
(0.07596563521 -0.035 0)
(0.0818155253 -0.035 0)
(0.0884191029 -0.035 0)
(0.09587347152 -0.035 0)
(0.1042882453 -0.035 0)
(0.1137871607 -0.035 0)
(0.1245098964 -0.035 0)
(0.1366141268 -0.035 0)
(0.1502778407 -0.035 0)
(0.1657019587 -0.035 0)
(0.1831132875 -0.035 0)
(0.2027678552 -0.035 0)
(0.224954676 -0.035 0)
(0.25 -0.035 0)
(0.0525045324 -0.03 0)
(0.05533174347 -0.03 0)
(0.05852320646 -0.03 0)
(0.06212585081 -0.03 0)
(0.06619265226 -0.03 0)
(0.07078341184 -0.03 0)
(0.07596563521 -0.03 0)
(0.0818155253 -0.03 0)
(0.0884191029 -0.03 0)
(0.09587347152 -0.03 0)
(0.1042882453 -0.03 0)
(0.1137871607 -0.03 0)
(0.1245098964 -0.03 0)
(0.1366141268 -0.03 0)
(0.1502778407 -0.03 0)
(0.1657019587 -0.03 0)
(0.1831132875 -0.03 0)
(0.2027678552 -0.03 0)
(0.224954676 -0.03 0)
(0.25 -0.03 0)
(0.0525045324 -0.025 0)
(0.05533174347 -0.025 0)
(0.05852320646 -0.025 0)
(0.06212585081 -0.025 0)
(0.06619265226 -0.025 0)
(0.07078341184 -0.025 0)
(0.07596563521 -0.025 0)
(0.0818155253 -0.025 0)
(0.0884191029 -0.025 0)
(0.09587347152 -0.025 0)
(0.1042882453 -0.025 0)
(0.1137871607 -0.025 0)
(0.1245098964 -0.025 0)
(0.1366141268 -0.025 0)
(0.1502778407 -0.025 0)
(0.1657019587 -0.025 0)
(0.1831132875 -0.025 0)
(0.2027678552 -0.025 0)
(0.224954676 -0.025 0)
(0.25 -0.025 0)
(0.0525045324 -0.02 0)
(0.05533174347 -0.02 0)
(0.05852320646 -0.02 0)
(0.06212585081 -0.02 0)
(0.06619265226 -0.02 0)
(0.07078341184 -0.02 0)
(0.07596563521 -0.02 0)
(0.0818155253 -0.02 0)
(0.0884191029 -0.02 0)
(0.09587347152 -0.02 0)
(0.1042882453 -0.02 0)
(0.1137871607 -0.02 0)
(0.1245098964 -0.02 0)
(0.1366141268 -0.02 0)
(0.1502778407 -0.02 0)
(0.1657019587 -0.02 0)
(0.1831132875 -0.02 0)
(0.2027678552 -0.02 0)
(0.224954676 -0.02 0)
(0.25 -0.02 0)
(0.0525045324 -0.015 0)
(0.05533174347 -0.015 0)
(0.05852320646 -0.015 0)
(0.06212585081 -0.015 0)
(0.06619265226 -0.015 0)
(0.07078341184 -0.015 0)
(0.07596563521 -0.015 0)
(0.0818155253 -0.015 0)
(0.0884191029 -0.015 0)
(0.09587347152 -0.015 0)
(0.1042882453 -0.015 0)
(0.1137871607 -0.015 0)
(0.1245098964 -0.015 0)
(0.1366141268 -0.015 0)
(0.1502778407 -0.015 0)
(0.1657019587 -0.015 0)
(0.1831132875 -0.015 0)
(0.2027678552 -0.015 0)
(0.224954676 -0.015 0)
(0.25 -0.015 0)
(0.0525045324 -0.01 0)
(0.05533174347 -0.01 0)
(0.05852320646 -0.01 0)
(0.06212585081 -0.01 0)
(0.06619265226 -0.01 0)
(0.07078341184 -0.01 0)
(0.07596563521 -0.01 0)
(0.0818155253 -0.01 0)
(0.0884191029 -0.01 0)
(0.09587347152 -0.01 0)
(0.1042882453 -0.01 0)
(0.1137871607 -0.01 0)
(0.1245098964 -0.01 0)
(0.1366141268 -0.01 0)
(0.1502778407 -0.01 0)
(0.1657019587 -0.01 0)
(0.1831132875 -0.01 0)
(0.2027678552 -0.01 0)
(0.224954676 -0.01 0)
(0.25 -0.01 0)
(0.0525045324 -0.005 0)
(0.05533174347 -0.005 0)
(0.05852320646 -0.005 0)
(0.06212585081 -0.005 0)
(0.06619265226 -0.005 0)
(0.07078341184 -0.005 0)
(0.07596563521 -0.005 0)
(0.0818155253 -0.005 0)
(0.0884191029 -0.005 0)
(0.09587347152 -0.005 0)
(0.1042882453 -0.005 0)
(0.1137871607 -0.005 0)
(0.1245098964 -0.005 0)
(0.1366141268 -0.005 0)
(0.1502778407 -0.005 0)
(0.1657019587 -0.005 0)
(0.1831132875 -0.005 0)
(0.2027678552 -0.005 0)
(0.224954676 -0.005 0)
(0.25 -0.005 0)
(0.0525045324 0 0)
(0.05533174347 0 0)
(0.05852320646 0 0)
(0.06212585081 0 0)
(0.06619265226 0 0)
(0.07078341184 0 0)
(0.07596563521 0 0)
(0.0818155253 0 0)
(0.0884191029 0 0)
(0.09587347152 0 0)
(0.1042882453 0 0)
(0.1137871607 0 0)
(0.1245098964 0 0)
(0.1366141268 0 0)
(0.1502778407 0 0)
(0.1657019587 0 0)
(0.1831132875 0 0)
(0.2027678552 0 0)
(0.224954676 0 0)
(0.25 0 0)
(0.0525045324 -0.1 0.00025)
(0.05533174347 -0.1 0.00025)
(0.05852320646 -0.1 0.00025)
(0.06212585081 -0.1 0.00025)
(0.06619265226 -0.1 0.00025)
(0.07078341184 -0.1 0.00025)
(0.07596563521 -0.1 0.00025)
(0.0818155253 -0.1 0.00025)
(0.0884191029 -0.1 0.00025)
(0.09587347152 -0.1 0.00025)
(0.1042882453 -0.1 0.00025)
(0.1137871607 -0.1 0.00025)
(0.1245098964 -0.1 0.00025)
(0.1366141268 -0.1 0.00025)
(0.1502778407 -0.1 0.00025)
(0.1657019587 -0.1 0.00025)
(0.1831132875 -0.1 0.00025)
(0.2027678552 -0.1 0.00025)
(0.224954676 -0.1 0.00025)
(0.25 -0.1 0.00025)
(0.0525045324 -0.095 0.00025)
(0.05533174347 -0.095 0.00025)
(0.05852320646 -0.095 0.00025)
(0.06212585081 -0.095 0.00025)
(0.06619265226 -0.095 0.00025)
(0.07078341184 -0.095 0.00025)
(0.07596563521 -0.095 0.00025)
(0.0818155253 -0.095 0.00025)
(0.0884191029 -0.095 0.00025)
(0.09587347152 -0.095 0.00025)
(0.1042882453 -0.095 0.00025)
(0.1137871607 -0.095 0.00025)
(0.1245098964 -0.095 0.00025)
(0.1366141268 -0.095 0.00025)
(0.1502778407 -0.095 0.00025)
(0.1657019587 -0.095 0.00025)
(0.1831132875 -0.095 0.00025)
(0.2027678552 -0.095 0.00025)
(0.224954676 -0.095 0.00025)
(0.25 -0.095 0.00025)
(0.0525045324 -0.09 0.00025)
(0.05533174347 -0.09 0.00025)
(0.05852320646 -0.09 0.00025)
(0.06212585081 -0.09 0.00025)
(0.06619265226 -0.09 0.00025)
(0.07078341184 -0.09 0.00025)
(0.07596563521 -0.09 0.00025)
(0.0818155253 -0.09 0.00025)
(0.0884191029 -0.09 0.00025)
(0.09587347152 -0.09 0.00025)
(0.1042882453 -0.09 0.00025)
(0.1137871607 -0.09 0.00025)
(0.1245098964 -0.09 0.00025)
(0.1366141268 -0.09 0.00025)
(0.1502778407 -0.09 0.00025)
(0.1657019587 -0.09 0.00025)
(0.1831132875 -0.09 0.00025)
(0.2027678552 -0.09 0.00025)
(0.224954676 -0.09 0.00025)
(0.25 -0.09 0.00025)
(0.0525045324 -0.085 0.00025)
(0.05533174347 -0.085 0.00025)
(0.05852320646 -0.085 0.00025)
(0.06212585081 -0.085 0.00025)
(0.06619265226 -0.085 0.00025)
(0.07078341184 -0.085 0.00025)
(0.07596563521 -0.085 0.00025)
(0.0818155253 -0.085 0.00025)
(0.0884191029 -0.085 0.00025)
(0.09587347152 -0.085 0.00025)
(0.1042882453 -0.085 0.00025)
(0.1137871607 -0.085 0.00025)
(0.1245098964 -0.085 0.00025)
(0.1366141268 -0.085 0.00025)
(0.1502778407 -0.085 0.00025)
(0.1657019587 -0.085 0.00025)
(0.1831132875 -0.085 0.00025)
(0.2027678552 -0.085 0.00025)
(0.224954676 -0.085 0.00025)
(0.25 -0.085 0.00025)
(0.0525045324 -0.08 0.00025)
(0.05533174347 -0.08 0.00025)
(0.05852320646 -0.08 0.00025)
(0.06212585081 -0.08 0.00025)
(0.06619265226 -0.08 0.00025)
(0.07078341184 -0.08 0.00025)
(0.07596563521 -0.08 0.00025)
(0.0818155253 -0.08 0.00025)
(0.0884191029 -0.08 0.00025)
(0.09587347152 -0.08 0.00025)
(0.1042882453 -0.08 0.00025)
(0.1137871607 -0.08 0.00025)
(0.1245098964 -0.08 0.00025)
(0.1366141268 -0.08 0.00025)
(0.1502778407 -0.08 0.00025)
(0.1657019587 -0.08 0.00025)
(0.1831132875 -0.08 0.00025)
(0.2027678552 -0.08 0.00025)
(0.224954676 -0.08 0.00025)
(0.25 -0.08 0.00025)
(0.0525045324 -0.075 0.00025)
(0.05533174347 -0.075 0.00025)
(0.05852320646 -0.075 0.00025)
(0.06212585081 -0.075 0.00025)
(0.06619265226 -0.075 0.00025)
(0.07078341184 -0.075 0.00025)
(0.07596563521 -0.075 0.00025)
(0.0818155253 -0.075 0.00025)
(0.0884191029 -0.075 0.00025)
(0.09587347152 -0.075 0.00025)
(0.1042882453 -0.075 0.00025)
(0.1137871607 -0.075 0.00025)
(0.1245098964 -0.075 0.00025)
(0.1366141268 -0.075 0.00025)
(0.1502778407 -0.075 0.00025)
(0.1657019587 -0.075 0.00025)
(0.1831132875 -0.075 0.00025)
(0.2027678552 -0.075 0.00025)
(0.224954676 -0.075 0.00025)
(0.25 -0.075 0.00025)
(0.0525045324 -0.07 0.00025)
(0.05533174347 -0.07 0.00025)
(0.05852320646 -0.07 0.00025)
(0.06212585081 -0.07 0.00025)
(0.06619265226 -0.07 0.00025)
(0.07078341184 -0.07 0.00025)
(0.07596563521 -0.07 0.00025)
(0.0818155253 -0.07 0.00025)
(0.0884191029 -0.07 0.00025)
(0.09587347152 -0.07 0.00025)
(0.1042882453 -0.07 0.00025)
(0.1137871607 -0.07 0.00025)
(0.1245098964 -0.07 0.00025)
(0.1366141268 -0.07 0.00025)
(0.1502778407 -0.07 0.00025)
(0.1657019587 -0.07 0.00025)
(0.1831132875 -0.07 0.00025)
(0.2027678552 -0.07 0.00025)
(0.224954676 -0.07 0.00025)
(0.25 -0.07 0.00025)
(0.0525045324 -0.065 0.00025)
(0.05533174347 -0.065 0.00025)
(0.05852320646 -0.065 0.00025)
(0.06212585081 -0.065 0.00025)
(0.06619265226 -0.065 0.00025)
(0.07078341184 -0.065 0.00025)
(0.07596563521 -0.065 0.00025)
(0.0818155253 -0.065 0.00025)
(0.0884191029 -0.065 0.00025)
(0.09587347152 -0.065 0.00025)
(0.1042882453 -0.065 0.00025)
(0.1137871607 -0.065 0.00025)
(0.1245098964 -0.065 0.00025)
(0.1366141268 -0.065 0.00025)
(0.1502778407 -0.065 0.00025)
(0.1657019587 -0.065 0.00025)
(0.1831132875 -0.065 0.00025)
(0.2027678552 -0.065 0.00025)
(0.224954676 -0.065 0.00025)
(0.25 -0.065 0.00025)
(0.0525045324 -0.06 0.00025)
(0.05533174347 -0.06 0.00025)
(0.05852320646 -0.06 0.00025)
(0.06212585081 -0.06 0.00025)
(0.06619265226 -0.06 0.00025)
(0.07078341184 -0.06 0.00025)
(0.07596563521 -0.06 0.00025)
(0.0818155253 -0.06 0.00025)
(0.0884191029 -0.06 0.00025)
(0.09587347152 -0.06 0.00025)
(0.1042882453 -0.06 0.00025)
(0.1137871607 -0.06 0.00025)
(0.1245098964 -0.06 0.00025)
(0.1366141268 -0.06 0.00025)
(0.1502778407 -0.06 0.00025)
(0.1657019587 -0.06 0.00025)
(0.1831132875 -0.06 0.00025)
(0.2027678552 -0.06 0.00025)
(0.224954676 -0.06 0.00025)
(0.25 -0.06 0.00025)
(0.0525045324 -0.055 0.00025)
(0.05533174347 -0.055 0.00025)
(0.05852320646 -0.055 0.00025)
(0.06212585081 -0.055 0.00025)
(0.06619265226 -0.055 0.00025)
(0.07078341184 -0.055 0.00025)
(0.07596563521 -0.055 0.00025)
(0.0818155253 -0.055 0.00025)
(0.0884191029 -0.055 0.00025)
(0.09587347152 -0.055 0.00025)
(0.1042882453 -0.055 0.00025)
(0.1137871607 -0.055 0.00025)
(0.1245098964 -0.055 0.00025)
(0.1366141268 -0.055 0.00025)
(0.1502778407 -0.055 0.00025)
(0.1657019587 -0.055 0.00025)
(0.1831132875 -0.055 0.00025)
(0.2027678552 -0.055 0.00025)
(0.224954676 -0.055 0.00025)
(0.25 -0.055 0.00025)
(0.0525045324 -0.05 0.00025)
(0.05533174347 -0.05 0.00025)
(0.05852320646 -0.05 0.00025)
(0.06212585081 -0.05 0.00025)
(0.06619265226 -0.05 0.00025)
(0.07078341184 -0.05 0.00025)
(0.07596563521 -0.05 0.00025)
(0.0818155253 -0.05 0.00025)
(0.0884191029 -0.05 0.00025)
(0.09587347152 -0.05 0.00025)
(0.1042882453 -0.05 0.00025)
(0.1137871607 -0.05 0.00025)
(0.1245098964 -0.05 0.00025)
(0.1366141268 -0.05 0.00025)
(0.1502778407 -0.05 0.00025)
(0.1657019587 -0.05 0.00025)
(0.1831132875 -0.05 0.00025)
(0.2027678552 -0.05 0.00025)
(0.224954676 -0.05 0.00025)
(0.25 -0.05 0.00025)
(0.0525045324 -0.045 0.00025)
(0.05533174347 -0.045 0.00025)
(0.05852320646 -0.045 0.00025)
(0.06212585081 -0.045 0.00025)
(0.06619265226 -0.045 0.00025)
(0.07078341184 -0.045 0.00025)
(0.07596563521 -0.045 0.00025)
(0.0818155253 -0.045 0.00025)
(0.0884191029 -0.045 0.00025)
(0.09587347152 -0.045 0.00025)
(0.1042882453 -0.045 0.00025)
(0.1137871607 -0.045 0.00025)
(0.1245098964 -0.045 0.00025)
(0.1366141268 -0.045 0.00025)
(0.1502778407 -0.045 0.00025)
(0.1657019587 -0.045 0.00025)
(0.1831132875 -0.045 0.00025)
(0.2027678552 -0.045 0.00025)
(0.224954676 -0.045 0.00025)
(0.25 -0.045 0.00025)
(0.0525045324 -0.04 0.00025)
(0.05533174347 -0.04 0.00025)
(0.05852320646 -0.04 0.00025)
(0.06212585081 -0.04 0.00025)
(0.06619265226 -0.04 0.00025)
(0.07078341184 -0.04 0.00025)
(0.07596563521 -0.04 0.00025)
(0.0818155253 -0.04 0.00025)
(0.0884191029 -0.04 0.00025)
(0.09587347152 -0.04 0.00025)
(0.1042882453 -0.04 0.00025)
(0.1137871607 -0.04 0.00025)
(0.1245098964 -0.04 0.00025)
(0.1366141268 -0.04 0.00025)
(0.1502778407 -0.04 0.00025)
(0.1657019587 -0.04 0.00025)
(0.1831132875 -0.04 0.00025)
(0.2027678552 -0.04 0.00025)
(0.224954676 -0.04 0.00025)
(0.25 -0.04 0.00025)
(0.0525045324 -0.035 0.00025)
(0.05533174347 -0.035 0.00025)
(0.05852320646 -0.035 0.00025)
(0.06212585081 -0.035 0.00025)
(0.06619265226 -0.035 0.00025)
(0.07078341184 -0.035 0.00025)
(0.07596563521 -0.035 0.00025)
(0.0818155253 -0.035 0.00025)
(0.0884191029 -0.035 0.00025)
(0.09587347152 -0.035 0.00025)
(0.1042882453 -0.035 0.00025)
(0.1137871607 -0.035 0.00025)
(0.1245098964 -0.035 0.00025)
(0.1366141268 -0.035 0.00025)
(0.1502778407 -0.035 0.00025)
(0.1657019587 -0.035 0.00025)
(0.1831132875 -0.035 0.00025)
(0.2027678552 -0.035 0.00025)
(0.224954676 -0.035 0.00025)
(0.25 -0.035 0.00025)
(0.0525045324 -0.03 0.00025)
(0.05533174347 -0.03 0.00025)
(0.05852320646 -0.03 0.00025)
(0.06212585081 -0.03 0.00025)
(0.06619265226 -0.03 0.00025)
(0.07078341184 -0.03 0.00025)
(0.07596563521 -0.03 0.00025)
(0.0818155253 -0.03 0.00025)
(0.0884191029 -0.03 0.00025)
(0.09587347152 -0.03 0.00025)
(0.1042882453 -0.03 0.00025)
(0.1137871607 -0.03 0.00025)
(0.1245098964 -0.03 0.00025)
(0.1366141268 -0.03 0.00025)
(0.1502778407 -0.03 0.00025)
(0.1657019587 -0.03 0.00025)
(0.1831132875 -0.03 0.00025)
(0.2027678552 -0.03 0.00025)
(0.224954676 -0.03 0.00025)
(0.25 -0.03 0.00025)
(0.0525045324 -0.025 0.00025)
(0.05533174347 -0.025 0.00025)
(0.05852320646 -0.025 0.00025)
(0.06212585081 -0.025 0.00025)
(0.06619265226 -0.025 0.00025)
(0.07078341184 -0.025 0.00025)
(0.07596563521 -0.025 0.00025)
(0.0818155253 -0.025 0.00025)
(0.0884191029 -0.025 0.00025)
(0.09587347152 -0.025 0.00025)
(0.1042882453 -0.025 0.00025)
(0.1137871607 -0.025 0.00025)
(0.1245098964 -0.025 0.00025)
(0.1366141268 -0.025 0.00025)
(0.1502778407 -0.025 0.00025)
(0.1657019587 -0.025 0.00025)
(0.1831132875 -0.025 0.00025)
(0.2027678552 -0.025 0.00025)
(0.224954676 -0.025 0.00025)
(0.25 -0.025 0.00025)
(0.0525045324 -0.02 0.00025)
(0.05533174347 -0.02 0.00025)
(0.05852320646 -0.02 0.00025)
(0.06212585081 -0.02 0.00025)
(0.06619265226 -0.02 0.00025)
(0.07078341184 -0.02 0.00025)
(0.07596563521 -0.02 0.00025)
(0.0818155253 -0.02 0.00025)
(0.0884191029 -0.02 0.00025)
(0.09587347152 -0.02 0.00025)
(0.1042882453 -0.02 0.00025)
(0.1137871607 -0.02 0.00025)
(0.1245098964 -0.02 0.00025)
(0.1366141268 -0.02 0.00025)
(0.1502778407 -0.02 0.00025)
(0.1657019587 -0.02 0.00025)
(0.1831132875 -0.02 0.00025)
(0.2027678552 -0.02 0.00025)
(0.224954676 -0.02 0.00025)
(0.25 -0.02 0.00025)
(0.0525045324 -0.015 0.00025)
(0.05533174347 -0.015 0.00025)
(0.05852320646 -0.015 0.00025)
(0.06212585081 -0.015 0.00025)
(0.06619265226 -0.015 0.00025)
(0.07078341184 -0.015 0.00025)
(0.07596563521 -0.015 0.00025)
(0.0818155253 -0.015 0.00025)
(0.0884191029 -0.015 0.00025)
(0.09587347152 -0.015 0.00025)
(0.1042882453 -0.015 0.00025)
(0.1137871607 -0.015 0.00025)
(0.1245098964 -0.015 0.00025)
(0.1366141268 -0.015 0.00025)
(0.1502778407 -0.015 0.00025)
(0.1657019587 -0.015 0.00025)
(0.1831132875 -0.015 0.00025)
(0.2027678552 -0.015 0.00025)
(0.224954676 -0.015 0.00025)
(0.25 -0.015 0.00025)
(0.0525045324 -0.01 0.00025)
(0.05533174347 -0.01 0.00025)
(0.05852320646 -0.01 0.00025)
(0.06212585081 -0.01 0.00025)
(0.06619265226 -0.01 0.00025)
(0.07078341184 -0.01 0.00025)
(0.07596563521 -0.01 0.00025)
(0.0818155253 -0.01 0.00025)
(0.0884191029 -0.01 0.00025)
(0.09587347152 -0.01 0.00025)
(0.1042882453 -0.01 0.00025)
(0.1137871607 -0.01 0.00025)
(0.1245098964 -0.01 0.00025)
(0.1366141268 -0.01 0.00025)
(0.1502778407 -0.01 0.00025)
(0.1657019587 -0.01 0.00025)
(0.1831132875 -0.01 0.00025)
(0.2027678552 -0.01 0.00025)
(0.224954676 -0.01 0.00025)
(0.25 -0.01 0.00025)
(0.0525045324 -0.005 0.00025)
(0.05533174347 -0.005 0.00025)
(0.05852320646 -0.005 0.00025)
(0.06212585081 -0.005 0.00025)
(0.06619265226 -0.005 0.00025)
(0.07078341184 -0.005 0.00025)
(0.07596563521 -0.005 0.00025)
(0.0818155253 -0.005 0.00025)
(0.0884191029 -0.005 0.00025)
(0.09587347152 -0.005 0.00025)
(0.1042882453 -0.005 0.00025)
(0.1137871607 -0.005 0.00025)
(0.1245098964 -0.005 0.00025)
(0.1366141268 -0.005 0.00025)
(0.1502778407 -0.005 0.00025)
(0.1657019587 -0.005 0.00025)
(0.1831132875 -0.005 0.00025)
(0.2027678552 -0.005 0.00025)
(0.224954676 -0.005 0.00025)
(0.25 -0.005 0.00025)
(0.0525045324 0 0.00025)
(0.05533174347 0 0.00025)
(0.05852320646 0 0.00025)
(0.06212585081 0 0.00025)
(0.06619265226 0 0.00025)
(0.07078341184 0 0.00025)
(0.07596563521 0 0.00025)
(0.0818155253 0 0.00025)
(0.0884191029 0 0.00025)
(0.09587347152 0 0.00025)
(0.1042882453 0 0.00025)
(0.1137871607 0 0.00025)
(0.1245098964 0 0.00025)
(0.1366141268 0 0.00025)
(0.1502778407 0 0.00025)
(0.1657019587 0 0.00025)
(0.1831132875 0 0.00025)
(0.2027678552 0 0.00025)
(0.224954676 0 0.00025)
(0.25 0 0.00025)
(0.05 -0.15 0)
(0.0525045324 -0.15 0)
(0.05533174347 -0.15 0)
(0.05852320646 -0.15 0)
(0.06212585081 -0.15 0)
(0.06619265226 -0.15 0)
(0.07078341184 -0.15 0)
(0.07596563521 -0.15 0)
(0.0818155253 -0.15 0)
(0.0884191029 -0.15 0)
(0.09587347152 -0.15 0)
(0.1042882453 -0.15 0)
(0.1137871607 -0.15 0)
(0.1245098964 -0.15 0)
(0.1366141268 -0.15 0)
(0.1502778407 -0.15 0)
(0.1657019587 -0.15 0)
(0.1831132875 -0.15 0)
(0.2027678552 -0.15 0)
(0.224954676 -0.15 0)
(0.25 -0.15 0)
(0.05 -0.1475 0)
(0.0525045324 -0.1475 0)
(0.05533174347 -0.1475 0)
(0.05852320646 -0.1475 0)
(0.06212585081 -0.1475 0)
(0.06619265226 -0.1475 0)
(0.07078341184 -0.1475 0)
(0.07596563521 -0.1475 0)
(0.0818155253 -0.1475 0)
(0.0884191029 -0.1475 0)
(0.09587347152 -0.1475 0)
(0.1042882453 -0.1475 0)
(0.1137871607 -0.1475 0)
(0.1245098964 -0.1475 0)
(0.1366141268 -0.1475 0)
(0.1502778407 -0.1475 0)
(0.1657019587 -0.1475 0)
(0.1831132875 -0.1475 0)
(0.2027678552 -0.1475 0)
(0.224954676 -0.1475 0)
(0.25 -0.1475 0)
(0.05 -0.145 0)
(0.0525045324 -0.145 0)
(0.05533174347 -0.145 0)
(0.05852320646 -0.145 0)
(0.06212585081 -0.145 0)
(0.06619265226 -0.145 0)
(0.07078341184 -0.145 0)
(0.07596563521 -0.145 0)
(0.0818155253 -0.145 0)
(0.0884191029 -0.145 0)
(0.09587347152 -0.145 0)
(0.1042882453 -0.145 0)
(0.1137871607 -0.145 0)
(0.1245098964 -0.145 0)
(0.1366141268 -0.145 0)
(0.1502778407 -0.145 0)
(0.1657019587 -0.145 0)
(0.1831132875 -0.145 0)
(0.2027678552 -0.145 0)
(0.224954676 -0.145 0)
(0.25 -0.145 0)
(0.05 -0.1425 0)
(0.0525045324 -0.1425 0)
(0.05533174347 -0.1425 0)
(0.05852320646 -0.1425 0)
(0.06212585081 -0.1425 0)
(0.06619265226 -0.1425 0)
(0.07078341184 -0.1425 0)
(0.07596563521 -0.1425 0)
(0.0818155253 -0.1425 0)
(0.0884191029 -0.1425 0)
(0.09587347152 -0.1425 0)
(0.1042882453 -0.1425 0)
(0.1137871607 -0.1425 0)
(0.1245098964 -0.1425 0)
(0.1366141268 -0.1425 0)
(0.1502778407 -0.1425 0)
(0.1657019587 -0.1425 0)
(0.1831132875 -0.1425 0)
(0.2027678552 -0.1425 0)
(0.224954676 -0.1425 0)
(0.25 -0.1425 0)
(0.05 -0.14 0)
(0.0525045324 -0.14 0)
(0.05533174347 -0.14 0)
(0.05852320646 -0.14 0)
(0.06212585081 -0.14 0)
(0.06619265226 -0.14 0)
(0.07078341184 -0.14 0)
(0.07596563521 -0.14 0)
(0.0818155253 -0.14 0)
(0.0884191029 -0.14 0)
(0.09587347152 -0.14 0)
(0.1042882453 -0.14 0)
(0.1137871607 -0.14 0)
(0.1245098964 -0.14 0)
(0.1366141268 -0.14 0)
(0.1502778407 -0.14 0)
(0.1657019587 -0.14 0)
(0.1831132875 -0.14 0)
(0.2027678552 -0.14 0)
(0.224954676 -0.14 0)
(0.25 -0.14 0)
(0.05 -0.1375 0)
(0.0525045324 -0.1375 0)
(0.05533174347 -0.1375 0)
(0.05852320646 -0.1375 0)
(0.06212585081 -0.1375 0)
(0.06619265226 -0.1375 0)
(0.07078341184 -0.1375 0)
(0.07596563521 -0.1375 0)
(0.0818155253 -0.1375 0)
(0.0884191029 -0.1375 0)
(0.09587347152 -0.1375 0)
(0.1042882453 -0.1375 0)
(0.1137871607 -0.1375 0)
(0.1245098964 -0.1375 0)
(0.1366141268 -0.1375 0)
(0.1502778407 -0.1375 0)
(0.1657019587 -0.1375 0)
(0.1831132875 -0.1375 0)
(0.2027678552 -0.1375 0)
(0.224954676 -0.1375 0)
(0.25 -0.1375 0)
(0.05 -0.135 0)
(0.0525045324 -0.135 0)
(0.05533174347 -0.135 0)
(0.05852320646 -0.135 0)
(0.06212585081 -0.135 0)
(0.06619265226 -0.135 0)
(0.07078341184 -0.135 0)
(0.07596563521 -0.135 0)
(0.0818155253 -0.135 0)
(0.0884191029 -0.135 0)
(0.09587347152 -0.135 0)
(0.1042882453 -0.135 0)
(0.1137871607 -0.135 0)
(0.1245098964 -0.135 0)
(0.1366141268 -0.135 0)
(0.1502778407 -0.135 0)
(0.1657019587 -0.135 0)
(0.1831132875 -0.135 0)
(0.2027678552 -0.135 0)
(0.224954676 -0.135 0)
(0.25 -0.135 0)
(0.05 -0.1325 0)
(0.0525045324 -0.1325 0)
(0.05533174347 -0.1325 0)
(0.05852320646 -0.1325 0)
(0.06212585081 -0.1325 0)
(0.06619265226 -0.1325 0)
(0.07078341184 -0.1325 0)
(0.07596563521 -0.1325 0)
(0.0818155253 -0.1325 0)
(0.0884191029 -0.1325 0)
(0.09587347152 -0.1325 0)
(0.1042882453 -0.1325 0)
(0.1137871607 -0.1325 0)
(0.1245098964 -0.1325 0)
(0.1366141268 -0.1325 0)
(0.1502778407 -0.1325 0)
(0.1657019587 -0.1325 0)
(0.1831132875 -0.1325 0)
(0.2027678552 -0.1325 0)
(0.224954676 -0.1325 0)
(0.25 -0.1325 0)
(0.05 -0.13 0)
(0.0525045324 -0.13 0)
(0.05533174347 -0.13 0)
(0.05852320646 -0.13 0)
(0.06212585081 -0.13 0)
(0.06619265226 -0.13 0)
(0.07078341184 -0.13 0)
(0.07596563521 -0.13 0)
(0.0818155253 -0.13 0)
(0.0884191029 -0.13 0)
(0.09587347152 -0.13 0)
(0.1042882453 -0.13 0)
(0.1137871607 -0.13 0)
(0.1245098964 -0.13 0)
(0.1366141268 -0.13 0)
(0.1502778407 -0.13 0)
(0.1657019587 -0.13 0)
(0.1831132875 -0.13 0)
(0.2027678552 -0.13 0)
(0.224954676 -0.13 0)
(0.25 -0.13 0)
(0.05 -0.1275 0)
(0.0525045324 -0.1275 0)
(0.05533174347 -0.1275 0)
(0.05852320646 -0.1275 0)
(0.06212585081 -0.1275 0)
(0.06619265226 -0.1275 0)
(0.07078341184 -0.1275 0)
(0.07596563521 -0.1275 0)
(0.0818155253 -0.1275 0)
(0.0884191029 -0.1275 0)
(0.09587347152 -0.1275 0)
(0.1042882453 -0.1275 0)
(0.1137871607 -0.1275 0)
(0.1245098964 -0.1275 0)
(0.1366141268 -0.1275 0)
(0.1502778407 -0.1275 0)
(0.1657019587 -0.1275 0)
(0.1831132875 -0.1275 0)
(0.2027678552 -0.1275 0)
(0.224954676 -0.1275 0)
(0.25 -0.1275 0)
(0.05 -0.125 0)
(0.0525045324 -0.125 0)
(0.05533174347 -0.125 0)
(0.05852320646 -0.125 0)
(0.06212585081 -0.125 0)
(0.06619265226 -0.125 0)
(0.07078341184 -0.125 0)
(0.07596563521 -0.125 0)
(0.0818155253 -0.125 0)
(0.0884191029 -0.125 0)
(0.09587347152 -0.125 0)
(0.1042882453 -0.125 0)
(0.1137871607 -0.125 0)
(0.1245098964 -0.125 0)
(0.1366141268 -0.125 0)
(0.1502778407 -0.125 0)
(0.1657019587 -0.125 0)
(0.1831132875 -0.125 0)
(0.2027678552 -0.125 0)
(0.224954676 -0.125 0)
(0.25 -0.125 0)
(0.05 -0.1225 0)
(0.0525045324 -0.1225 0)
(0.05533174347 -0.1225 0)
(0.05852320646 -0.1225 0)
(0.06212585081 -0.1225 0)
(0.06619265226 -0.1225 0)
(0.07078341184 -0.1225 0)
(0.07596563521 -0.1225 0)
(0.0818155253 -0.1225 0)
(0.0884191029 -0.1225 0)
(0.09587347152 -0.1225 0)
(0.1042882453 -0.1225 0)
(0.1137871607 -0.1225 0)
(0.1245098964 -0.1225 0)
(0.1366141268 -0.1225 0)
(0.1502778407 -0.1225 0)
(0.1657019587 -0.1225 0)
(0.1831132875 -0.1225 0)
(0.2027678552 -0.1225 0)
(0.224954676 -0.1225 0)
(0.25 -0.1225 0)
(0.05 -0.12 0)
(0.0525045324 -0.12 0)
(0.05533174347 -0.12 0)
(0.05852320646 -0.12 0)
(0.06212585081 -0.12 0)
(0.06619265226 -0.12 0)
(0.07078341184 -0.12 0)
(0.07596563521 -0.12 0)
(0.0818155253 -0.12 0)
(0.0884191029 -0.12 0)
(0.09587347152 -0.12 0)
(0.1042882453 -0.12 0)
(0.1137871607 -0.12 0)
(0.1245098964 -0.12 0)
(0.1366141268 -0.12 0)
(0.1502778407 -0.12 0)
(0.1657019587 -0.12 0)
(0.1831132875 -0.12 0)
(0.2027678552 -0.12 0)
(0.224954676 -0.12 0)
(0.25 -0.12 0)
(0.05 -0.1175 0)
(0.0525045324 -0.1175 0)
(0.05533174347 -0.1175 0)
(0.05852320646 -0.1175 0)
(0.06212585081 -0.1175 0)
(0.06619265226 -0.1175 0)
(0.07078341184 -0.1175 0)
(0.07596563521 -0.1175 0)
(0.0818155253 -0.1175 0)
(0.0884191029 -0.1175 0)
(0.09587347152 -0.1175 0)
(0.1042882453 -0.1175 0)
(0.1137871607 -0.1175 0)
(0.1245098964 -0.1175 0)
(0.1366141268 -0.1175 0)
(0.1502778407 -0.1175 0)
(0.1657019587 -0.1175 0)
(0.1831132875 -0.1175 0)
(0.2027678552 -0.1175 0)
(0.224954676 -0.1175 0)
(0.25 -0.1175 0)
(0.05 -0.115 0)
(0.0525045324 -0.115 0)
(0.05533174347 -0.115 0)
(0.05852320646 -0.115 0)
(0.06212585081 -0.115 0)
(0.06619265226 -0.115 0)
(0.07078341184 -0.115 0)
(0.07596563521 -0.115 0)
(0.0818155253 -0.115 0)
(0.0884191029 -0.115 0)
(0.09587347152 -0.115 0)
(0.1042882453 -0.115 0)
(0.1137871607 -0.115 0)
(0.1245098964 -0.115 0)
(0.1366141268 -0.115 0)
(0.1502778407 -0.115 0)
(0.1657019587 -0.115 0)
(0.1831132875 -0.115 0)
(0.2027678552 -0.115 0)
(0.224954676 -0.115 0)
(0.25 -0.115 0)
(0.05 -0.1125 0)
(0.0525045324 -0.1125 0)
(0.05533174347 -0.1125 0)
(0.05852320646 -0.1125 0)
(0.06212585081 -0.1125 0)
(0.06619265226 -0.1125 0)
(0.07078341184 -0.1125 0)
(0.07596563521 -0.1125 0)
(0.0818155253 -0.1125 0)
(0.0884191029 -0.1125 0)
(0.09587347152 -0.1125 0)
(0.1042882453 -0.1125 0)
(0.1137871607 -0.1125 0)
(0.1245098964 -0.1125 0)
(0.1366141268 -0.1125 0)
(0.1502778407 -0.1125 0)
(0.1657019587 -0.1125 0)
(0.1831132875 -0.1125 0)
(0.2027678552 -0.1125 0)
(0.224954676 -0.1125 0)
(0.25 -0.1125 0)
(0.05 -0.11 0)
(0.0525045324 -0.11 0)
(0.05533174347 -0.11 0)
(0.05852320646 -0.11 0)
(0.06212585081 -0.11 0)
(0.06619265226 -0.11 0)
(0.07078341184 -0.11 0)
(0.07596563521 -0.11 0)
(0.0818155253 -0.11 0)
(0.0884191029 -0.11 0)
(0.09587347152 -0.11 0)
(0.1042882453 -0.11 0)
(0.1137871607 -0.11 0)
(0.1245098964 -0.11 0)
(0.1366141268 -0.11 0)
(0.1502778407 -0.11 0)
(0.1657019587 -0.11 0)
(0.1831132875 -0.11 0)
(0.2027678552 -0.11 0)
(0.224954676 -0.11 0)
(0.25 -0.11 0)
(0.05 -0.1075 0)
(0.0525045324 -0.1075 0)
(0.05533174347 -0.1075 0)
(0.05852320646 -0.1075 0)
(0.06212585081 -0.1075 0)
(0.06619265226 -0.1075 0)
(0.07078341184 -0.1075 0)
(0.07596563521 -0.1075 0)
(0.0818155253 -0.1075 0)
(0.0884191029 -0.1075 0)
(0.09587347152 -0.1075 0)
(0.1042882453 -0.1075 0)
(0.1137871607 -0.1075 0)
(0.1245098964 -0.1075 0)
(0.1366141268 -0.1075 0)
(0.1502778407 -0.1075 0)
(0.1657019587 -0.1075 0)
(0.1831132875 -0.1075 0)
(0.2027678552 -0.1075 0)
(0.224954676 -0.1075 0)
(0.25 -0.1075 0)
(0.05 -0.105 0)
(0.0525045324 -0.105 0)
(0.05533174347 -0.105 0)
(0.05852320646 -0.105 0)
(0.06212585081 -0.105 0)
(0.06619265226 -0.105 0)
(0.07078341184 -0.105 0)
(0.07596563521 -0.105 0)
(0.0818155253 -0.105 0)
(0.0884191029 -0.105 0)
(0.09587347152 -0.105 0)
(0.1042882453 -0.105 0)
(0.1137871607 -0.105 0)
(0.1245098964 -0.105 0)
(0.1366141268 -0.105 0)
(0.1502778407 -0.105 0)
(0.1657019587 -0.105 0)
(0.1831132875 -0.105 0)
(0.2027678552 -0.105 0)
(0.224954676 -0.105 0)
(0.25 -0.105 0)
(0.05 -0.1025 0)
(0.0525045324 -0.1025 0)
(0.05533174347 -0.1025 0)
(0.05852320646 -0.1025 0)
(0.06212585081 -0.1025 0)
(0.06619265226 -0.1025 0)
(0.07078341184 -0.1025 0)
(0.07596563521 -0.1025 0)
(0.0818155253 -0.1025 0)
(0.0884191029 -0.1025 0)
(0.09587347152 -0.1025 0)
(0.1042882453 -0.1025 0)
(0.1137871607 -0.1025 0)
(0.1245098964 -0.1025 0)
(0.1366141268 -0.1025 0)
(0.1502778407 -0.1025 0)
(0.1657019587 -0.1025 0)
(0.1831132875 -0.1025 0)
(0.2027678552 -0.1025 0)
(0.224954676 -0.1025 0)
(0.25 -0.1025 0)
(0.05 -0.15 0.00025)
(0.0525045324 -0.15 0.00025)
(0.05533174347 -0.15 0.00025)
(0.05852320646 -0.15 0.00025)
(0.06212585081 -0.15 0.00025)
(0.06619265226 -0.15 0.00025)
(0.07078341184 -0.15 0.00025)
(0.07596563521 -0.15 0.00025)
(0.0818155253 -0.15 0.00025)
(0.0884191029 -0.15 0.00025)
(0.09587347152 -0.15 0.00025)
(0.1042882453 -0.15 0.00025)
(0.1137871607 -0.15 0.00025)
(0.1245098964 -0.15 0.00025)
(0.1366141268 -0.15 0.00025)
(0.1502778407 -0.15 0.00025)
(0.1657019587 -0.15 0.00025)
(0.1831132875 -0.15 0.00025)
(0.2027678552 -0.15 0.00025)
(0.224954676 -0.15 0.00025)
(0.25 -0.15 0.00025)
(0.05 -0.1475 0.00025)
(0.0525045324 -0.1475 0.00025)
(0.05533174347 -0.1475 0.00025)
(0.05852320646 -0.1475 0.00025)
(0.06212585081 -0.1475 0.00025)
(0.06619265226 -0.1475 0.00025)
(0.07078341184 -0.1475 0.00025)
(0.07596563521 -0.1475 0.00025)
(0.0818155253 -0.1475 0.00025)
(0.0884191029 -0.1475 0.00025)
(0.09587347152 -0.1475 0.00025)
(0.1042882453 -0.1475 0.00025)
(0.1137871607 -0.1475 0.00025)
(0.1245098964 -0.1475 0.00025)
(0.1366141268 -0.1475 0.00025)
(0.1502778407 -0.1475 0.00025)
(0.1657019587 -0.1475 0.00025)
(0.1831132875 -0.1475 0.00025)
(0.2027678552 -0.1475 0.00025)
(0.224954676 -0.1475 0.00025)
(0.25 -0.1475 0.00025)
(0.05 -0.145 0.00025)
(0.0525045324 -0.145 0.00025)
(0.05533174347 -0.145 0.00025)
(0.05852320646 -0.145 0.00025)
(0.06212585081 -0.145 0.00025)
(0.06619265226 -0.145 0.00025)
(0.07078341184 -0.145 0.00025)
(0.07596563521 -0.145 0.00025)
(0.0818155253 -0.145 0.00025)
(0.0884191029 -0.145 0.00025)
(0.09587347152 -0.145 0.00025)
(0.1042882453 -0.145 0.00025)
(0.1137871607 -0.145 0.00025)
(0.1245098964 -0.145 0.00025)
(0.1366141268 -0.145 0.00025)
(0.1502778407 -0.145 0.00025)
(0.1657019587 -0.145 0.00025)
(0.1831132875 -0.145 0.00025)
(0.2027678552 -0.145 0.00025)
(0.224954676 -0.145 0.00025)
(0.25 -0.145 0.00025)
(0.05 -0.1425 0.00025)
(0.0525045324 -0.1425 0.00025)
(0.05533174347 -0.1425 0.00025)
(0.05852320646 -0.1425 0.00025)
(0.06212585081 -0.1425 0.00025)
(0.06619265226 -0.1425 0.00025)
(0.07078341184 -0.1425 0.00025)
(0.07596563521 -0.1425 0.00025)
(0.0818155253 -0.1425 0.00025)
(0.0884191029 -0.1425 0.00025)
(0.09587347152 -0.1425 0.00025)
(0.1042882453 -0.1425 0.00025)
(0.1137871607 -0.1425 0.00025)
(0.1245098964 -0.1425 0.00025)
(0.1366141268 -0.1425 0.00025)
(0.1502778407 -0.1425 0.00025)
(0.1657019587 -0.1425 0.00025)
(0.1831132875 -0.1425 0.00025)
(0.2027678552 -0.1425 0.00025)
(0.224954676 -0.1425 0.00025)
(0.25 -0.1425 0.00025)
(0.05 -0.14 0.00025)
(0.0525045324 -0.14 0.00025)
(0.05533174347 -0.14 0.00025)
(0.05852320646 -0.14 0.00025)
(0.06212585081 -0.14 0.00025)
(0.06619265226 -0.14 0.00025)
(0.07078341184 -0.14 0.00025)
(0.07596563521 -0.14 0.00025)
(0.0818155253 -0.14 0.00025)
(0.0884191029 -0.14 0.00025)
(0.09587347152 -0.14 0.00025)
(0.1042882453 -0.14 0.00025)
(0.1137871607 -0.14 0.00025)
(0.1245098964 -0.14 0.00025)
(0.1366141268 -0.14 0.00025)
(0.1502778407 -0.14 0.00025)
(0.1657019587 -0.14 0.00025)
(0.1831132875 -0.14 0.00025)
(0.2027678552 -0.14 0.00025)
(0.224954676 -0.14 0.00025)
(0.25 -0.14 0.00025)
(0.05 -0.1375 0.00025)
(0.0525045324 -0.1375 0.00025)
(0.05533174347 -0.1375 0.00025)
(0.05852320646 -0.1375 0.00025)
(0.06212585081 -0.1375 0.00025)
(0.06619265226 -0.1375 0.00025)
(0.07078341184 -0.1375 0.00025)
(0.07596563521 -0.1375 0.00025)
(0.0818155253 -0.1375 0.00025)
(0.0884191029 -0.1375 0.00025)
(0.09587347152 -0.1375 0.00025)
(0.1042882453 -0.1375 0.00025)
(0.1137871607 -0.1375 0.00025)
(0.1245098964 -0.1375 0.00025)
(0.1366141268 -0.1375 0.00025)
(0.1502778407 -0.1375 0.00025)
(0.1657019587 -0.1375 0.00025)
(0.1831132875 -0.1375 0.00025)
(0.2027678552 -0.1375 0.00025)
(0.224954676 -0.1375 0.00025)
(0.25 -0.1375 0.00025)
(0.05 -0.135 0.00025)
(0.0525045324 -0.135 0.00025)
(0.05533174347 -0.135 0.00025)
(0.05852320646 -0.135 0.00025)
(0.06212585081 -0.135 0.00025)
(0.06619265226 -0.135 0.00025)
(0.07078341184 -0.135 0.00025)
(0.07596563521 -0.135 0.00025)
(0.0818155253 -0.135 0.00025)
(0.0884191029 -0.135 0.00025)
(0.09587347152 -0.135 0.00025)
(0.1042882453 -0.135 0.00025)
(0.1137871607 -0.135 0.00025)
(0.1245098964 -0.135 0.00025)
(0.1366141268 -0.135 0.00025)
(0.1502778407 -0.135 0.00025)
(0.1657019587 -0.135 0.00025)
(0.1831132875 -0.135 0.00025)
(0.2027678552 -0.135 0.00025)
(0.224954676 -0.135 0.00025)
(0.25 -0.135 0.00025)
(0.05 -0.1325 0.00025)
(0.0525045324 -0.1325 0.00025)
(0.05533174347 -0.1325 0.00025)
(0.05852320646 -0.1325 0.00025)
(0.06212585081 -0.1325 0.00025)
(0.06619265226 -0.1325 0.00025)
(0.07078341184 -0.1325 0.00025)
(0.07596563521 -0.1325 0.00025)
(0.0818155253 -0.1325 0.00025)
(0.0884191029 -0.1325 0.00025)
(0.09587347152 -0.1325 0.00025)
(0.1042882453 -0.1325 0.00025)
(0.1137871607 -0.1325 0.00025)
(0.1245098964 -0.1325 0.00025)
(0.1366141268 -0.1325 0.00025)
(0.1502778407 -0.1325 0.00025)
(0.1657019587 -0.1325 0.00025)
(0.1831132875 -0.1325 0.00025)
(0.2027678552 -0.1325 0.00025)
(0.224954676 -0.1325 0.00025)
(0.25 -0.1325 0.00025)
(0.05 -0.13 0.00025)
(0.0525045324 -0.13 0.00025)
(0.05533174347 -0.13 0.00025)
(0.05852320646 -0.13 0.00025)
(0.06212585081 -0.13 0.00025)
(0.06619265226 -0.13 0.00025)
(0.07078341184 -0.13 0.00025)
(0.07596563521 -0.13 0.00025)
(0.0818155253 -0.13 0.00025)
(0.0884191029 -0.13 0.00025)
(0.09587347152 -0.13 0.00025)
(0.1042882453 -0.13 0.00025)
(0.1137871607 -0.13 0.00025)
(0.1245098964 -0.13 0.00025)
(0.1366141268 -0.13 0.00025)
(0.1502778407 -0.13 0.00025)
(0.1657019587 -0.13 0.00025)
(0.1831132875 -0.13 0.00025)
(0.2027678552 -0.13 0.00025)
(0.224954676 -0.13 0.00025)
(0.25 -0.13 0.00025)
(0.05 -0.1275 0.00025)
(0.0525045324 -0.1275 0.00025)
(0.05533174347 -0.1275 0.00025)
(0.05852320646 -0.1275 0.00025)
(0.06212585081 -0.1275 0.00025)
(0.06619265226 -0.1275 0.00025)
(0.07078341184 -0.1275 0.00025)
(0.07596563521 -0.1275 0.00025)
(0.0818155253 -0.1275 0.00025)
(0.0884191029 -0.1275 0.00025)
(0.09587347152 -0.1275 0.00025)
(0.1042882453 -0.1275 0.00025)
(0.1137871607 -0.1275 0.00025)
(0.1245098964 -0.1275 0.00025)
(0.1366141268 -0.1275 0.00025)
(0.1502778407 -0.1275 0.00025)
(0.1657019587 -0.1275 0.00025)
(0.1831132875 -0.1275 0.00025)
(0.2027678552 -0.1275 0.00025)
(0.224954676 -0.1275 0.00025)
(0.25 -0.1275 0.00025)
(0.05 -0.125 0.00025)
(0.0525045324 -0.125 0.00025)
(0.05533174347 -0.125 0.00025)
(0.05852320646 -0.125 0.00025)
(0.06212585081 -0.125 0.00025)
(0.06619265226 -0.125 0.00025)
(0.07078341184 -0.125 0.00025)
(0.07596563521 -0.125 0.00025)
(0.0818155253 -0.125 0.00025)
(0.0884191029 -0.125 0.00025)
(0.09587347152 -0.125 0.00025)
(0.1042882453 -0.125 0.00025)
(0.1137871607 -0.125 0.00025)
(0.1245098964 -0.125 0.00025)
(0.1366141268 -0.125 0.00025)
(0.1502778407 -0.125 0.00025)
(0.1657019587 -0.125 0.00025)
(0.1831132875 -0.125 0.00025)
(0.2027678552 -0.125 0.00025)
(0.224954676 -0.125 0.00025)
(0.25 -0.125 0.00025)
(0.05 -0.1225 0.00025)
(0.0525045324 -0.1225 0.00025)
(0.05533174347 -0.1225 0.00025)
(0.05852320646 -0.1225 0.00025)
(0.06212585081 -0.1225 0.00025)
(0.06619265226 -0.1225 0.00025)
(0.07078341184 -0.1225 0.00025)
(0.07596563521 -0.1225 0.00025)
(0.0818155253 -0.1225 0.00025)
(0.0884191029 -0.1225 0.00025)
(0.09587347152 -0.1225 0.00025)
(0.1042882453 -0.1225 0.00025)
(0.1137871607 -0.1225 0.00025)
(0.1245098964 -0.1225 0.00025)
(0.1366141268 -0.1225 0.00025)
(0.1502778407 -0.1225 0.00025)
(0.1657019587 -0.1225 0.00025)
(0.1831132875 -0.1225 0.00025)
(0.2027678552 -0.1225 0.00025)
(0.224954676 -0.1225 0.00025)
(0.25 -0.1225 0.00025)
(0.05 -0.12 0.00025)
(0.0525045324 -0.12 0.00025)
(0.05533174347 -0.12 0.00025)
(0.05852320646 -0.12 0.00025)
(0.06212585081 -0.12 0.00025)
(0.06619265226 -0.12 0.00025)
(0.07078341184 -0.12 0.00025)
(0.07596563521 -0.12 0.00025)
(0.0818155253 -0.12 0.00025)
(0.0884191029 -0.12 0.00025)
(0.09587347152 -0.12 0.00025)
(0.1042882453 -0.12 0.00025)
(0.1137871607 -0.12 0.00025)
(0.1245098964 -0.12 0.00025)
(0.1366141268 -0.12 0.00025)
(0.1502778407 -0.12 0.00025)
(0.1657019587 -0.12 0.00025)
(0.1831132875 -0.12 0.00025)
(0.2027678552 -0.12 0.00025)
(0.224954676 -0.12 0.00025)
(0.25 -0.12 0.00025)
(0.05 -0.1175 0.00025)
(0.0525045324 -0.1175 0.00025)
(0.05533174347 -0.1175 0.00025)
(0.05852320646 -0.1175 0.00025)
(0.06212585081 -0.1175 0.00025)
(0.06619265226 -0.1175 0.00025)
(0.07078341184 -0.1175 0.00025)
(0.07596563521 -0.1175 0.00025)
(0.0818155253 -0.1175 0.00025)
(0.0884191029 -0.1175 0.00025)
(0.09587347152 -0.1175 0.00025)
(0.1042882453 -0.1175 0.00025)
(0.1137871607 -0.1175 0.00025)
(0.1245098964 -0.1175 0.00025)
(0.1366141268 -0.1175 0.00025)
(0.1502778407 -0.1175 0.00025)
(0.1657019587 -0.1175 0.00025)
(0.1831132875 -0.1175 0.00025)
(0.2027678552 -0.1175 0.00025)
(0.224954676 -0.1175 0.00025)
(0.25 -0.1175 0.00025)
(0.05 -0.115 0.00025)
(0.0525045324 -0.115 0.00025)
(0.05533174347 -0.115 0.00025)
(0.05852320646 -0.115 0.00025)
(0.06212585081 -0.115 0.00025)
(0.06619265226 -0.115 0.00025)
(0.07078341184 -0.115 0.00025)
(0.07596563521 -0.115 0.00025)
(0.0818155253 -0.115 0.00025)
(0.0884191029 -0.115 0.00025)
(0.09587347152 -0.115 0.00025)
(0.1042882453 -0.115 0.00025)
(0.1137871607 -0.115 0.00025)
(0.1245098964 -0.115 0.00025)
(0.1366141268 -0.115 0.00025)
(0.1502778407 -0.115 0.00025)
(0.1657019587 -0.115 0.00025)
(0.1831132875 -0.115 0.00025)
(0.2027678552 -0.115 0.00025)
(0.224954676 -0.115 0.00025)
(0.25 -0.115 0.00025)
(0.05 -0.1125 0.00025)
(0.0525045324 -0.1125 0.00025)
(0.05533174347 -0.1125 0.00025)
(0.05852320646 -0.1125 0.00025)
(0.06212585081 -0.1125 0.00025)
(0.06619265226 -0.1125 0.00025)
(0.07078341184 -0.1125 0.00025)
(0.07596563521 -0.1125 0.00025)
(0.0818155253 -0.1125 0.00025)
(0.0884191029 -0.1125 0.00025)
(0.09587347152 -0.1125 0.00025)
(0.1042882453 -0.1125 0.00025)
(0.1137871607 -0.1125 0.00025)
(0.1245098964 -0.1125 0.00025)
(0.1366141268 -0.1125 0.00025)
(0.1502778407 -0.1125 0.00025)
(0.1657019587 -0.1125 0.00025)
(0.1831132875 -0.1125 0.00025)
(0.2027678552 -0.1125 0.00025)
(0.224954676 -0.1125 0.00025)
(0.25 -0.1125 0.00025)
(0.05 -0.11 0.00025)
(0.0525045324 -0.11 0.00025)
(0.05533174347 -0.11 0.00025)
(0.05852320646 -0.11 0.00025)
(0.06212585081 -0.11 0.00025)
(0.06619265226 -0.11 0.00025)
(0.07078341184 -0.11 0.00025)
(0.07596563521 -0.11 0.00025)
(0.0818155253 -0.11 0.00025)
(0.0884191029 -0.11 0.00025)
(0.09587347152 -0.11 0.00025)
(0.1042882453 -0.11 0.00025)
(0.1137871607 -0.11 0.00025)
(0.1245098964 -0.11 0.00025)
(0.1366141268 -0.11 0.00025)
(0.1502778407 -0.11 0.00025)
(0.1657019587 -0.11 0.00025)
(0.1831132875 -0.11 0.00025)
(0.2027678552 -0.11 0.00025)
(0.224954676 -0.11 0.00025)
(0.25 -0.11 0.00025)
(0.05 -0.1075 0.00025)
(0.0525045324 -0.1075 0.00025)
(0.05533174347 -0.1075 0.00025)
(0.05852320646 -0.1075 0.00025)
(0.06212585081 -0.1075 0.00025)
(0.06619265226 -0.1075 0.00025)
(0.07078341184 -0.1075 0.00025)
(0.07596563521 -0.1075 0.00025)
(0.0818155253 -0.1075 0.00025)
(0.0884191029 -0.1075 0.00025)
(0.09587347152 -0.1075 0.00025)
(0.1042882453 -0.1075 0.00025)
(0.1137871607 -0.1075 0.00025)
(0.1245098964 -0.1075 0.00025)
(0.1366141268 -0.1075 0.00025)
(0.1502778407 -0.1075 0.00025)
(0.1657019587 -0.1075 0.00025)
(0.1831132875 -0.1075 0.00025)
(0.2027678552 -0.1075 0.00025)
(0.224954676 -0.1075 0.00025)
(0.25 -0.1075 0.00025)
(0.05 -0.105 0.00025)
(0.0525045324 -0.105 0.00025)
(0.05533174347 -0.105 0.00025)
(0.05852320646 -0.105 0.00025)
(0.06212585081 -0.105 0.00025)
(0.06619265226 -0.105 0.00025)
(0.07078341184 -0.105 0.00025)
(0.07596563521 -0.105 0.00025)
(0.0818155253 -0.105 0.00025)
(0.0884191029 -0.105 0.00025)
(0.09587347152 -0.105 0.00025)
(0.1042882453 -0.105 0.00025)
(0.1137871607 -0.105 0.00025)
(0.1245098964 -0.105 0.00025)
(0.1366141268 -0.105 0.00025)
(0.1502778407 -0.105 0.00025)
(0.1657019587 -0.105 0.00025)
(0.1831132875 -0.105 0.00025)
(0.2027678552 -0.105 0.00025)
(0.224954676 -0.105 0.00025)
(0.25 -0.105 0.00025)
(0.05 -0.1025 0.00025)
(0.0525045324 -0.1025 0.00025)
(0.05533174347 -0.1025 0.00025)
(0.05852320646 -0.1025 0.00025)
(0.06212585081 -0.1025 0.00025)
(0.06619265226 -0.1025 0.00025)
(0.07078341184 -0.1025 0.00025)
(0.07596563521 -0.1025 0.00025)
(0.0818155253 -0.1025 0.00025)
(0.0884191029 -0.1025 0.00025)
(0.09587347152 -0.1025 0.00025)
(0.1042882453 -0.1025 0.00025)
(0.1137871607 -0.1025 0.00025)
(0.1245098964 -0.1025 0.00025)
(0.1366141268 -0.1025 0.00025)
(0.1502778407 -0.1025 0.00025)
(0.1657019587 -0.1025 0.00025)
(0.1831132875 -0.1025 0.00025)
(0.2027678552 -0.1025 0.00025)
(0.224954676 -0.1025 0.00025)
(0.25 -0.1025 0.00025)
)


// ************************************************************************* //
